2975 5750 0 0
2975 5750 0 0
2975 5750 0 0
2975 5540 0 0
2975 5540 0 0
2975 5540 0 0
2975 5540 0 0
2975 5540 0 0
2975 5540 0 0
2975 5540 0 0
2975 5540 0 0
2975 5540 0 0
2975 5540 0 0
2975 5540 0 0
2975 5540 0 0
2975 5540 0 0
2975 5540 0 0
2975 5540 0 0
2975 5540 0 0
2975 5540 0 0
2975 5540 0 0
2975 5540 0 0
2975 5540 0 0
2975 5540 0 0
2975 5540 0 0
2975 5540 0 0
2975 5540 0 0
2975 5540 0 0
2975 5540 0 0
2975 5540 0 0
2975 5540 0 0
2975 5540 0 0
2975 5540 0 0
2975 5540 0 0
2975 5540 0 0
2975 5540 0 0
2975 5540 0 0
2975 5540 0 0
2975 5540 0 0
2975 5540 0 0
2975 5540 0 0
2975 5540 0 0
2975 5540 0 0
2975 5540 0 0
2975 5540 0 0
2975 5540 0 0
2975 5540 1 0
2975 5539 2 0
2975 5538 3 0
2975 5537 0 0
2975 5536 1 0
2975 5535 2 0
2976 5534 3 0
2977 5533 0 0
2978 5532 1 0
2979 5531 2 0
2980 5530 3 0
2981 5528 0 0
2983 5526 1 0
2985 5524 2 0
2987 5522 3 0
2989 5520 0 0
2991 5518 1 0
2993 5516 2 0
2996 5514 3 0
2999 5512 0 0
3002 5510 1 0
3005 5507 2 0
3008 5504 3 0
3011 5501 0 0
3015 5498 1 0
3019 5495 2 0
3023 5492 3 0
3027 5489 0 0
3031 5486 1 0
3036 5483 2 0
3041 5480 3 0
3046 5476 0 0
3051 5472 1 0
3056 5468 2 0
3061 5464 3 0
3066 5460 0 0
3071 5456 1 0
3081 5455 2 0
3091 5454 3 0
3101 5453 0 0
3106 5449 1 0
3111 5445 2 0
3116 5441 3 0
3121 5437 0 0
3126 5433 1 0
3131 5429 2 0
3136 5425 3 0
3141 5421 0 0
3146 5417 1 0
3151 5413 2 0
3156 5409 3 0
3161 5405 0 0
3166 5401 1 0
3176 5400 2 0
3186 5399 3 0
3196 5398 0 0
3206 5397 1 0
3216 5396 2 0
3221 5392 3 0
3226 5388 0 0
3231 5384 1 0
3236 5380 2 0
3241 5376 3 0
3246 5372 0 0
3251 5368 1 0
3256 5364 2 0
3261 5360 3 0
3266 5356 0 0
3272 5352 1 0
3278 5348 2 0
3284 5344 3 0
3290 5340 0 0
3296 5336 1 0
3302 5332 2 0
3308 5328 3 0
3314 5324 0 0
3320 5320 1 0
3326 5316 2 0
3332 5312 3 0
3338 5308 0 0
3344 5304 1 0
3350 5300 2 0
3356 5296 3 0
3362 5292 0 0
3368 5288 1 0
3374 5284 2 0
3380 5280 3 0
3386 5276 0 0
3398 5275 1 0
3410 5274 2 0
3416 5270 3 0
3422 5266 0 0
3428 5262 1 0
3434 5258 2 0
3440 5254 3 0
3446 5250 0 0
3452 5246 1 0
3458 5242 2 0
3464 5238 3 0
3470 5234 0 0
3476 5230 1 0
3482 5226 2 0
3488 5222 3 0
3494 5218 0 0
3500 5214 1 0
3506 5210 2 0
3512 5206 3 0
3518 5202 0 0
3524 5198 1 0
3530 5194 2 0
3536 5190 3 0
3542 5186 0 0
3548 5182 1 0
3554 5178 2 0
3560 5174 3 0
3566 5170 0 0
3572 5166 1 0
3578 5162 2 0
3584 5158 3 0
3590 5154 0 0
3596 5150 1 0
3602 5146 2 0
3608 5141 3 0
3614 5136 0 0
3620 5131 1 0
3626 5126 2 0
3633 5121 3 0
3640 5116 0 0
3647 5111 1 0
3654 5106 2 0
3661 5101 3 0
3668 5096 0 0
3675 5091 1 0
3682 5086 2 0
3689 5081 3 0
3696 5076 0 0
3703 5071 1 0
3710 5066 2 0
3717 5061 3 0
3724 5056 0 0
3731 5051 1 0
3738 5046 2 0
3745 5041 3 0
3752 5036 0 0
3759 5031 1 0
3766 5026 2 0
3773 5021 3 0
3780 5016 0 0
3787 5011 1 0
3794 5006 2 0
3808 5005 3 0
3822 5004 0 0
3836 5003 1 0
3850 5002 2 0
3857 4997 3 0
3864 4992 0 0
3871 4987 1 0
3878 4982 2 0
3885 4977 3 0
3892 4972 0 0
3899 4967 1 0
3906 4962 2 0
3913 4957 3 0
3920 4952 0 0
3927 4947 1 0
3934 4942 2 0
3941 4937 3 0
3955 4936 0 0
3969 4935 1 0
3983 4934 2 0
3990 4929 3 0
3997 4924 0 0
4004 4919 1 0
4011 4914 2 0
4018 4909 3 0
4025 4904 0 0
4032 4899 1 0
4039 4894 2 0
4046 4889 3 0
4053 4884 0 0
4060 4879 1 0
4067 4874 2 0
4074 4869 3 0
4082 4864 0 0
4090 4859 1 0
4106 4858 2 0
4122 4857 3 0
4130 4852 0 0
4138 4847 1 0
4146 4842 2 0
4154 4837 3 0
4162 4832 0 0
4170 4827 1 0
4178 4822 2 0
4186 4817 3 0
4194 4812 0 0
4202 4807 1 0
4210 4802 2 0
4218 4797 3 0
4226 4792 0 0
4234 4787 1 0
4242 4782 2 0
4250 4777 3 0
4258 4772 0 0
4266 4767 1 0
4274 4762 2 0
4282 4757 3 0
4290 4752 0 0
4298 4747 1 0
4306 4742 2 0
4314 4737 3 0
4322 4732 0 0
4330 4727 1 0
4338 4722 2 0
4346 4717 3 0
4354 4712 0 0
4362 4707 1 0
4370 4702 2 0
4378 4697 3 0
4386 4692 0 0
4394 4687 1 0
4402 4682 2 0
4410 4676 3 0
4418 4670 0 0
4426 4664 1 0
4434 4658 2 0
4442 4652 3 0
4450 4646 0 0
4458 4640 1 0
4466 4634 2 0
4474 4628 3 0
4482 4622 0 0
4490 4616 1 0
4498 4610 2 0
4506 4604 3 0
4514 4598 0 0
4522 4592 1 0
4530 4586 2 0
4538 4580 3 0
4546 4574 0 0
4554 4568 1 0
4563 4562 2 0
4572 4556 3 0
4581 4550 4 0
4571 4555 5 0
4571 4555 6 0
4571 4555 7 0
4571 4555 8 0
4571 4555 9 0
4571 4555 10 0
4571 4555 11 0
4571 4555 12 0
4571 4555 13 0
4580 4560 14 0
4589 4565 15 0
4598 4570 12 0
4607 4575 13 0
4606 4585 14 0
4605 4595 15 0
4604 4605 12 0
4603 4615 13 0
4602 4625 14 0
4601 4635 15 0
4610 4640 12 0
4619 4645 13 0
4628 4650 14 0
4637 4655 15 0
4646 4660 12 0
4655 4665 13 0
4664 4670 14 0
4673 4675 15 0
4672 4685 12 0
4671 4695 13 0
4670 4705 14 0
4669 4715 15 0
4668 4725 12 0
4667 4735 13 0
4676 4740 14 0
4685 4745 15 0
4694 4750 12 0
4703 4755 13 0
4712 4760 14 0
4721 4765 15 0
4730 4770 12 0
4739 4775 13 0
4748 4780 14 0
4766 4779 15 0
4784 4778 12 0
4802 4777 13 0
4820 4776 14 0
4838 4775 15 0
4847 4780 12 0
4856 4785 13 0
4865 4790 14 0
4874 4795 15 0
4883 4800 12 0
4892 4805 13 0
4901 4810 14 0
4910 4815 15 0
4920 4820 12 0
4930 4825 13 0
4940 4830 14 0
4950 4835 15 0
4960 4840 12 0
4970 4845 13 0
4980 4850 14 0
4990 4855 15 0
5000 4860 12 0
5010 4865 13 0
5020 4870 14 0
5030 4875 15 0
5040 4880 12 0
5050 4885 13 0
5060 4890 14 0
5070 4895 15 0
5080 4900 12 0
5090 4905 13 0
5100 4910 14 0
5110 4915 15 0
5120 4920 12 0
5130 4925 13 0
5140 4931 14 0
5160 4930 15 0
5180 4929 12 0
5200 4928 13 0
5210 4934 14 0
5220 4940 15 0
5230 4946 12 0
5240 4952 13 0
5250 4958 14 0
5260 4964 15 0
5270 4970 12 0
5280 4976 13 0
5290 4982 14 0
5300 4988 15 0
5310 4994 12 0
5320 5000 13 0
5330 5006 14 0
5340 5012 15 0
5350 5018 12 0
5360 5024 13 0
5370 5030 14 0
5380 5036 15 0
5390 5042 12 0
5400 5048 13 0
5410 5054 14 0
5420 5060 15 0
5430 5066 12 0
5440 5072 13 0
5450 5078 14 0
5460 5084 15 0
5470 5090 12 0
5480 5096 13 0
5490 5102 14 0
5500 5108 15 0
5510 5114 12 0
5520 5120 13 0
5531 5126 14 0
5542 5132 15 0
5553 5138 12 0
5564 5144 13 0
5575 5150 14 0
5586 5156 15 0
5597 5162 12 0
5608 5168 13 0
5619 5174 14 0
5630 5180 15 0
5641 5186 12 0
5652 5192 13 0
5663 5198 14 0
5674 5204 15 0
5685 5210 12 0
5696 5216 13 0
5707 5222 14 0
5718 5228 15 0
5729 5234 12 0
5740 5240 13 0
5751 5246 14 0
5762 5252 15 0
5773 5258 12 0
5784 5264 13 0
5795 5270 14 0
5806 5276 15 0
5817 5282 12 0
5828 5288 13 0
5839 5294 14 0
5850 5300 15 0
5861 5306 12 0
5872 5312 13 0
5883 5318 14 0
5894 5324 15 0
5905 5330 12 0
5916 5336 13 0
5927 5342 14 0
5938 5348 15 0
5949 5354 12 0
5960 5360 13 0
5971 5366 14 0
5982 5372 15 0
5993 5378 12 0
6004 5384 13 0
6015 5390 14 0
6026 5396 15 0
6037 5402 12 0
6048 5408 13 0
6059 5414 14 0
6070 5420 15 0
6081 5426 12 0
6092 5432 13 0
6103 5438 14 0
6114 5444 15 0
6125 5450 12 0
6136 5456 13 0
6147 5462 0 0
6159 5455 1 0
6171 5448 2 0
6183 5441 3 0
6195 5434 0 0
6207 5427 1 0
6219 5420 2 0
6231 5413 3 0
6243 5406 0 0
6255 5398 1 0
6267 5390 2 0
6279 5382 3 0
6291 5374 0 0
6303 5366 1 0
6315 5358 2 0
6327 5350 3 0
6339 5342 0 0
6351 5334 1 0
6363 5326 2 0
6375 5318 3 0
6387 5310 0 0
6387 5310 1 0
6387 5310 2 0
6387 5310 3 0
6387 5310 0 0
6387 5310 1 0
6387 5310 2 0
6387 5310 3 0
6387 5310 0 0
6387 5310 1 0
6387 5310 2 0
6387 5310 3 0
6387 5310 0 0
6411 5309 1 0
6435 5308 2 0
6459 5307 3 0
6483 5306 0 0
6507 5305 1 0
6531 5304 2 0
6543 5296 3 0
6555 5288 0 0
6567 5280 1 0
6579 5272 2 0
6591 5264 3 0
6603 5256 0 0
6615 5248 1 0
6627 5240 2 0
6639 5232 3 0
6651 5224 0 0
6663 5216 1 0
6675 5208 2 0
6687 5200 3 0
6699 5192 0 0
6711 5184 1 0
6723 5176 2 0
6735 5168 3 0
6747 5160 0 0
6759 5152 1 0
6771 5144 2 0
6784 5136 3 0
6797 5128 0 0
6810 5120 1 0
6823 5112 2 0
6836 5104 3 0
6849 5096 0 0
6862 5088 1 0
6875 5080 2 0
6888 5072 3 0
6901 5064 0 0
6914 5056 1 0
6927 5048 2 0
6940 5040 3 0
6953 5032 0 0
6966 5024 1 0
6979 5016 2 0
6992 5008 3 0
7005 5000 0 0
7018 4992 1 0
7031 4984 2 0
7044 4976 3 0
7057 4968 0 0
7070 4960 1 0
7083 4952 2 0
7096 4944 3 0
7109 4936 0 0
7122 4928 1 0
7135 4920 2 0
7148 4912 3 0
7161 4904 0 0
7174 4896 1 0
7187 4888 2 0
7200 4880 3 0
7213 4872 0 0
7226 4864 1 0
7239 4856 2 0
7252 4848 3 0
7265 4840 0 0
7278 4832 1 0
7291 4824 2 0
7304 4816 3 0
7317 4808 0 0
7330 4800 1 0
7343 4792 2 0
7356 4784 3 0
7369 4776 0 0
7382 4768 1 0
7395 4760 2 0
7408 4752 3 0
7421 4744 0 0
7447 4743 1 0
7473 4742 2 0
7499 4741 3 0
7525 4740 0 0
7538 4731 1 0
7551 4722 2 0
7564 4713 3 0
7577 4704 0 0
7591 4695 1 0
7605 4686 2 0
7619 4677 3 0
7633 4668 0 0
7647 4659 1 0
7661 4650 2 0
7675 4641 3 0
7689 4632 0 0
7703 4623 1 0
7717 4614 2 0
7731 4605 3 0
7745 4596 0 0
7759 4587 1 0
7773 4578 2 0
7787 4569 3 0
7801 4560 0 0
7815 4551 1 0
7829 4542 2 0
7843 4533 3 0
7871 4532 0 0
7899 4531 1 0
7927 4530 2 0
7955 4529 3 0
7983 4528 0 0
8011 4527 1 0
8039 4526 2 0
8053 4517 3 0
8067 4508 0 0
8081 4499 1 0
8095 4490 2 0
8109 4481 3 0
8123 4472 0 0
8137 4463 1 0
8151 4454 2 0
8165 4445 3 0
8193 4444 0 0
8221 4443 1 0
8249 4442 2 0
8277 4441 3 0
8291 4432 0 0
8305 4423 1 0
8319 4414 2 0
8333 4405 3 0
8347 4396 0 0
8361 4387 1 0
8375 4378 2 0
8389 4369 3 0
8403 4360 0 0
8417 4351 1 0
8431 4342 2 0
8445 4333 3 0
8459 4324 0 0
8473 4315 1 0
8487 4306 2 0
8501 4297 3 0
8515 4288 0 0
8529 4279 1 0
8543 4270 2 0
8558 4261 3 0
8573 4252 0 0
8588 4243 1 0
8603 4234 2 0
8618 4225 3 0
8633 4216 0 0
8648 4207 1 0
8663 4198 2 0
8678 4189 3 0
8693 4180 0 0
8708 4171 1 0
8723 4162 2 0
8738 4153 3 0
8753 4144 0 0
8768 4135 1 0
8783 4126 2 0
8798 4117 3 0
8813 4108 0 0
8828 4099 1 0
8843 4090 2 0
8858 4081 3 0
8873 4072 0 0
8888 4063 1 0
8903 4054 2 0
8918 4045 3 0
8933 4036 0 0
8948 4027 1 0
8963 4018 2 0
8978 4009 3 0
8993 4000 0 0
9008 3991 1 0
9023 3982 2 0
9038 3973 3 0
9053 3964 0 0
9068 3954 1 0
9083 3944 2 0
9098 3934 3 0
9113 3924 0 0
9128 3914 1 0
9143 3904 2 0
9158 3894 3 0
9173 3884 0 0
9188 3874 1 0
9203 3864 2 0
9218 3854 3 0
9233 3844 0 0
9248 3834 1 0
9263 3824 2 0
9278 3814 3 0
9293 3804 0 0
9308 3794 1 0
9323 3784 2 0
9338 3774 3 0
9353 3764 0 0
9368 3754 1 0
9383 3744 2 0
9398 3734 3 0
9414 3724 0 0
9430 3714 1 0
9462 3713 2 0
9494 3712 3 0
9526 3711 0 0
9558 3710 1 0
9574 3700 2 0
9590 3690 3 0
9606 3680 0 0
9622 3670 1 0
9638 3660 2 0
9654 3650 3 0
9670 3640 0 0
9686 3630 1 0
9702 3620 2 0
9718 3610 3 0
9734 3600 0 0
9750 3590 1 0
9766 3580 2 0
9782 3570 3 0
9798 3560 0 0
9814 3550 1 0
9830 3540 2 0
9846 3530 3 0
9862 3520 0 0
9878 3510 1 0
9894 3500 2 0
9910 3490 3 0
9926 3480 0 0
9942 3470 1 0
9958 3460 2 0
9974 3450 3 0
9990 3440 0 0
10006 3430 1 0
10022 3420 2 0
10038 3410 3 0
10054 3400 0 0
10070 3390 1 0
10086 3380 2 0
10102 3370 3 0
10118 3360 0 0
10134 3350 1 0
10150 3340 2 0
10166 3330 3 0
10182 3320 0 0
10198 3310 1 0
10214 3300 2 0
10230 3290 3 0
10246 3280 0 0
10262 3270 1 0
10278 3260 2 0
10294 3250 3 0
10310 3240 0 0
10326 3230 1 0
10342 3220 2 0
10358 3210 3 0
10374 3200 0 0
10390 3190 1 0
10407 3180 2 0
10424 3170 3 0
10441 3160 0 0
10458 3150 1 0
10475 3140 2 0
10492 3130 3 0
10509 3120 4 0
10491 3129 5 0
10473 3138 6 0
10455 3147 7 0
10437 3156 8 0
10419 3146 9 0
10401 3136 10 0
10383 3126 11 0
10365 3116 8 0
10347 3106 9 0
10329 3096 10 0
10311 3086 11 0
10293 3076 8 0
10275 3066 9 0
10257 3056 10 0
10239 3046 11 0
10221 3036 8 0
10203 3026 9 0
10185 3016 10 0
10184 2996 11 0
10183 2976 8 0
10182 2956 9 0
10181 2936 10 0
10163 2926 11 0
10145 2916 8 0
10127 2906 9 0
10109 2896 10 0
10091 2886 11 0
10073 2876 8 0
10055 2866 9 0
10037 2856 10 0
10019 2846 11 0
10001 2836 8 0
9983 2826 9 0
9965 2816 10 0
9947 2806 11 0
9929 2796 8 0
9928 2776 9 0
9927 2756 10 0
9926 2736 11 0
9908 2726 8 0
9890 2716 9 0
9872 2706 10 0
9854 2696 11 0
9836 2686 8 0
9818 2676 9 0
9800 2666 10 0
9782 2656 11 0
9764 2646 8 0
9746 2636 9 0
9728 2626 10 0
9710 2616 11 0
9692 2606 8 0
9674 2596 9 0
9656 2586 10 0
9638 2576 11 0
9620 2566 8 0
9602 2556 9 0
9584 2546 10 0
9566 2536 11 0
9548 2526 8 0
9530 2516 9 0
9512 2506 10 0
9494 2496 11 0
9476 2486 8 0
9458 2476 9 0
9440 2466 10 0
9422 2456 11 0
9404 2446 8 0
9386 2436 9 0
9385 2416 10 0
9384 2396 11 0
9383 2376 8 0
9382 2356 9 0
9381 2336 10 0
9363 2326 11 0
9345 2316 8 0
9327 2306 9 0
9309 2296 10 0
9291 2286 11 0
9273 2276 8 0
9255 2266 9 0
9237 2256 10 0
9219 2246 11 0
9201 2236 8 0
9183 2226 9 0
9147 2226 10 0
9111 2226 11 0
9075 2226 8 0
9057 2216 9 0
9039 2206 10 0
9021 2196 11 0
9003 2186 8 0
8985 2176 9 0
8967 2166 10 0
8949 2156 11 0
8931 2146 8 0
8913 2136 9 0
8895 2126 10 0
8877 2116 11 0
8859 2106 8 0
8841 2096 9 0
8823 2086 10 0
8805 2076 11 0
8787 2066 8 0
8769 2056 9 0
8751 2046 10 0
8733 2036 11 0
8715 2026 8 0
8697 2016 9 0
8679 2006 10 0
8661 1996 11 0
8643 1986 8 0
8625 1976 9 0
8607 1966 10 0
8589 1956 11 0
8571 1946 8 0
8553 1936 9 0
8535 1926 10 0
8517 1916 11 0
8499 1906 8 0
8481 1896 9 0
8463 1886 10 0
8445 1876 11 0
8427 1866 8 0
8409 1856 9 0
8391 1846 10 0
8373 1836 11 0
8355 1826 8 0
8337 1816 9 0
8319 1806 10 0
8301 1796 11 0
8283 1786 8 0
8265 1776 9 0
8247 1766 10 0
8229 1756 11 0
8211 1746 8 0
8193 1736 9 0
8175 1726 10 0
8157 1716 11 0
8139 1706 8 0
8121 1696 9 0
8103 1686 10 0
8085 1676 11 0
8067 1666 8 0
8049 1656 9 0
8031 1646 10 0
8013 1636 11 0
7995 1626 8 0
7977 1616 9 0
7959 1606 10 0
7941 1596 11 0
7923 1586 8 0
7905 1576 9 0
7887 1566 10 0
7869 1556 11 0
7851 1546 8 0
7833 1536 9 0
7815 1526 10 0
7797 1516 11 0
7779 1506 8 0
7761 1496 9 0
7743 1486 10 0
7725 1476 11 0
7707 1466 8 0
7689 1456 9 0
7671 1446 10 0
7653 1436 11 0
7635 1426 8 0
7617 1416 9 0
7599 1406 10 0
7581 1396 11 0
7563 1386 8 0
7545 1376 9 0
7527 1366 10 0
7509 1356 11 0
7491 1346 8 0
7473 1336 9 0
7455 1326 10 0
7437 1316 11 0
7419 1306 8 0
7401 1296 9 0
7383 1286 10 0
7365 1276 11 0
7347 1266 8 0
7329 1256 9 0
7311 1246 10 0
7310 1226 11 0
7309 1206 8 0
7308 1186 9 0
7307 1166 10 0
7289 1156 11 0
7271 1146 8 0
7253 1136 9 0
7235 1126 10 0
7217 1116 11 0
7199 1106 8 0
7181 1096 4 0
7163 1106 5 0
7145 1116 6 0
7127 1126 7 0
7109 1136 4 0
7091 1146 5 0
7073 1156 6 0
7055 1166 7 0
7037 1176 4 0
7019 1186 5 0
7001 1196 6 0
6983 1206 7 0
6965 1216 4 0
6947 1226 5 0
6929 1236 6 0
6911 1246 7 0
6893 1256 4 0
6875 1266 5 0
6857 1276 6 0
6839 1286 7 0
6821 1296 4 0
6803 1306 5 0
6785 1316 6 0
6767 1326 7 0
6749 1336 4 0
6731 1346 5 0
6713 1356 6 0
6695 1366 7 1
6669 1381 4 1
6643 1396 5 1
6617 1411 6 1
6591 1426 7 1
6565 1441 4 1
6539 1456 5 1
6513 1471 6 1
6487 1486 7 1
6461 1501 4 1
6435 1516 5 1
6409 1531 6 1
6383 1546 7 1
6357 1561 4 1
6331 1576 5 1
6305 1591 6 1
6279 1606 7 1
6253 1621 4 1
6227 1636 5 1
6201 1651 6 1
6175 1666 7 1
6149 1681 4 1
6123 1696 5 1
6097 1711 6 1
6071 1726 7 1
6045 1741 4 1
6019 1756 5 1
5993 1771 6 1
5967 1786 7 1
5941 1801 4 1
5915 1816 5 1
5889 1831 6 1
5863 1846 7 1
5837 1861 4 1
5811 1876 5 1
5785 1891 6 1
5759 1906 7 1
5733 1921 4 1
5707 1936 5 1
5681 1951 6 1
5655 1966 7 1
5629 1981 4 1
5603 1996 5 1
5577 2011 6 1
5551 2026 7 1
5525 2041 4 1
5499 2056 5 1
5473 2071 6 1
5447 2086 7 1
5421 2101 4 1
5395 2116 5 1
5369 2131 6 1
5343 2146 7 1
5317 2161 4 1
5291 2176 5 1
5265 2191 6 1
5239 2206 7 1
5213 2221 4 1
5187 2236 5 1
5161 2251 6 1
5135 2266 7 1
5109 2281 4 1
5083 2296 5 1
5057 2311 6 1
5031 2326 7 1
5005 2341 4 1
4979 2356 5 1
4953 2371 6 1
4927 2386 7 1
4901 2401 4 1
4875 2416 5 1
4849 2431 6 1
4823 2446 7 1
4797 2461 4 1
4771 2476 5 1
4745 2491 6 1
4719 2506 7 1
4693 2521 4 1
4667 2536 5 1
4641 2551 6 1
4615 2566 7 1
4589 2581 4 1
4563 2596 5 1
4537 2611 6 1
4511 2626 7 1
4485 2641 4 1
4459 2656 5 1
4433 2671 6 1
4407 2686 7 1
4381 2701 4 1
4355 2716 5 1
4329 2731 6 1
4303 2746 7 1
4277 2761 4 1
4251 2776 5 1
4225 2791 6 1
4199 2806 7 1
4173 2821 4 1
4147 2836 5 1
4121 2851 6 1
4095 2866 7 1
4069 2881 4 1
4043 2896 5 1
4017 2911 6 1
3991 2926 7 1
3965 2941 4 1
3939 2956 5 1
3913 2971 6 1
3887 2986 7 1
3861 3001 4 1
3835 3016 5 1
3809 3031 6 1
3783 3046 7 1
3757 3061 4 1
3731 3076 5 1
3705 3091 6 1
3679 3106 7 1
3653 3121 4 1
3627 3136 5 1
3601 3151 6 1
3575 3166 7 1
3549 3181 4 1
3523 3196 5 1
3497 3211 6 1
3471 3226 7 1
3445 3241 4 1
3419 3256 5 1
3393 3271 6 1
3367 3286 7 1
3341 3301 4 1
3315 3316 5 1
3289 3331 6 1
3263 3346 7 1
3237 3361 4 1
3211 3376 5 1
3185 3391 6 1
3159 3406 7 1
3133 3421 4 1
3107 3436 5 1
3081 3451 6 1
3055 3466 7 1
3029 3481 4 1
3003 3496 5 1
2977 3511 6 1
2951 3526 7 1
2925 3541 4 1
2899 3556 5 1
2873 3571 6 1
2847 3586 7 1
2821 3601 4 1
2795 3616 5 1
2777 3626 6 0
2759 3636 7 0
2741 3646 4 0
2723 3656 5 0
2705 3666 6 0
2687 3676 7 0
2669 3686 4 0
2651 3696 5 0
2633 3706 6 0
2615 3716 7 0
2597 3726 4 0
2596 3746 5 0
2595 3766 6 0
2594 3786 7 0
2593 3806 4 0
2592 3826 5 0
2591 3846 6 0
2590 3866 7 0
2589 3886 4 0
2571 3896 5 0
2553 3906 6 0
2535 3916 7 0
2517 3926 4 0
2499 3936 5 0
2481 3946 6 0
2463 3956 7 0
2445 3966 4 0
2427 3976 5 0
2409 3986 6 0
2391 3996 7 0
2373 4006 4 0
2355 4016 5 0
2337 4026 6 0
2319 4036 7 0
2301 4046 4 0
2283 4056 5 0
2265 4066 6 0
2247 4076 7 0
2229 4086 4 0
2211 4096 5 0
2193 4106 6 0
2175 4116 7 0
2157 4126 4 0
2139 4136 5 0
2121 4146 6 0
2103 4156 7 0
2085 4166 4 0
2067 4176 5 0
2049 4186 6 0
2031 4196 7 0
2013 4206 4 0
1995 4216 5 0
1977 4226 6 0
1959 4236 7 0
1941 4246 4 0
1923 4256 5 0
1905 4266 6 0
1887 4276 7 0
1869 4286 4 0
1851 4296 5 0
1833 4306 6 0
1815 4316 7 0
1797 4326 4 0
1779 4336 5 0
1761 4346 6 0
1743 4356 7 0
1725 4366 8 0
1707 4356 9 0
1689 4346 10 0
1671 4336 11 0
1653 4326 8 0
1635 4316 9 0
1617 4306 10 0
1599 4296 11 0
1581 4286 8 0
1563 4276 9 0
1545 4266 10 0
1527 4256 11 0
1509 4246 8 0
1491 4236 9 0
1473 4226 10 0
1455 4216 11 0
1437 4206 8 0
1419 4196 9 0
1401 4186 10 0
1383 4176 11 0
1365 4166 8 0
1347 4156 9 0
1329 4146 10 0
1311 4136 11 0
1293 4126 8 0
1275 4116 9 0
1257 4106 10 0
1239 4096 11 0
1221 4086 8 0
1203 4076 9 0
1185 4066 10 0
1167 4056 11 0
1149 4046 8 0
1131 4036 9 0
1113 4026 10 0
1095 4016 11 0
1077 4006 8 0
1059 3996 9 0
1041 3986 10 0
1023 3976 11 0
1005 3966 8 0
987 3956 9 0
969 3946 10 0
951 3936 11 0
933 3926 8 0
915 3916 9 0
897 3906 10 0
879 3896 11 0
861 3886 8 0
843 3876 9 0
825 3866 10 0
807 3856 11 0
789 3846 8 0
771 3836 9 0
753 3826 10 0
735 3816 11 0
717 3806 8 0
699 3796 9 0
681 3786 10 0
663 3776 11 0
645 3766 8 0
627 3756 9 0
609 3746 10 0
591 3736 11 0
573 3726 8 0
555 3716 9 0
537 3706 10 0
519 3696 0 0
536 3686 1 0
553 3676 2 0
570 3666 3 0
587 3656 0 0
604 3646 1 0
621 3636 2 0
638 3626 3 0
655 3616 0 0
672 3606 1 0
689 3596 2 0
706 3586 3 0
723 3576 0 0
740 3566 1 0
757 3556 2 0
774 3546 3 0
791 3536 0 0
808 3526 1 0
825 3516 2 0
842 3506 3 0
859 3496 0 0
876 3486 1 0
893 3476 2 0
910 3466 3 0
927 3456 0 0
944 3446 1 0
961 3436 2 0
978 3426 3 0
995 3416 0 0
1012 3406 1 0
1029 3396 2 0
1046 3386 3 0
1063 3376 0 0
1080 3366 1 0
1097 3356 2 0
1114 3346 3 0
1131 3336 0 0
1148 3326 1 0
1165 3316 2 0
1182 3306 3 0
1199 3296 0 0
1216 3286 1 0
1233 3276 2 0
1250 3266 3 0
1267 3256 0 0
1284 3246 1 0
1301 3236 2 0
1318 3226 3 0
1335 3216 0 0
1352 3206 1 0
1369 3196 2 0
1386 3186 3 0
1403 3176 0 0
1420 3166 1 0
1437 3156 2 0
1454 3146 3 0
1471 3136 0 0
1488 3126 1 0
1505 3116 2 0
1522 3106 3 0
1539 3096 0 0
1556 3086 1 0
1573 3076 2 0
1590 3066 3 0
1607 3056 0 0
1624 3046 1 0
1641 3036 2 0
1658 3026 3 0
1675 3016 0 0
1692 3006 1 0
1709 2996 2 0
1726 2986 3 0
1725 2966 0 0
1724 2946 1 0
1723 2926 2 0
1740 2916 3 0
1757 2906 0 0
1774 2896 1 0
1791 2886 2 0
1808 2876 3 0
1825 2866 0 0
1842 2856 1 0
1859 2846 2 0
1876 2836 3 0
1893 2826 0 0
1910 2816 1 0
1927 2806 2 0
1944 2796 3 0
1961 2786 0 0
1978 2776 1 0
1995 2766 2 0
2012 2756 3 0
2029 2746 0 0
2046 2736 1 0
2063 2726 2 0
2080 2716 3 0
2097 2706 0 0
2114 2696 1 0
2131 2686 2 0
2148 2676 3 0
2165 2666 0 0
2182 2656 1 0
2199 2646 2 0
2216 2636 3 0
2233 2626 0 0
2250 2616 1 0
2267 2606 2 0
2284 2596 3 0
2301 2586 0 0
2318 2576 1 0
2352 2576 2 0
2386 2576 3 0
2420 2576 0 0
2454 2576 1 0
2471 2566 2 0
2488 2556 3 0
2505 2546 0 0
2522 2536 1 0
2539 2526 2 0
2556 2516 3 0
2573 2506 0 0
2590 2496 1 0
2607 2486 2 0
2624 2476 3 0
2641 2466 0 0
2658 2456 1 0
2675 2446 2 0
2692 2436 3 0
2709 2426 0 0
2726 2416 1 0
2743 2406 2 0
2760 2396 3 0
2777 2386 0 0
2794 2376 1 0
2811 2366 2 0
2828 2356 3 0
2845 2346 0 0
2862 2336 1 0
2879 2326 2 0
2896 2316 3 0
2913 2306 0 0
2930 2296 1 0
2947 2286 2 0
2964 2276 3 0
2998 2276 0 0
3032 2276 1 0
3066 2276 2 0
3083 2266 3 0
3100 2256 0 0
3117 2246 1 0
3134 2236 2 0
3151 2226 3 0
3168 2216 0 0
3185 2206 1 0
3202 2196 2 0
3219 2186 3 0
3236 2176 0 0
3253 2166 1 0
3270 2156 2 0
3287 2146 3 0
3304 2136 0 0
3338 2136 1 0
3372 2136 2 0
3406 2136 3 0
3440 2136 0 0
3457 2126 1 0
3474 2116 2 0
3491 2106 3 0
3508 2096 0 0
3525 2086 1 0
3542 2076 2 0
3559 2066 3 0
3576 2056 0 0
3593 2046 1 0
3610 2036 2 0
3627 2026 3 0
3644 2016 0 0
3661 2006 1 0
3660 1986 2 0
3659 1966 3 0
3676 1956 0 0
3693 1946 1 0
3710 1936 2 0
3727 1926 3 0
3744 1916 0 0
3761 1906 1 0
3778 1896 2 0
3795 1886 3 0
3812 1876 0 0
3829 1866 1 0
3846 1856 2 0
3863 1846 3 0
3880 1836 4 0
3862 1846 5 0
3844 1856 6 0
3826 1866 7 0
3808 1876 8 0
3790 1866 9 0
3772 1856 10 0
3754 1846 11 0
3736 1836 8 0
3718 1826 9 0
3700 1816 10 0
3682 1806 11 0
3664 1796 8 0
3646 1786 9 0
3628 1776 10 0
3610 1766 11 0
3592 1756 8 0
3574 1746 9 0
3573 1726 10 0
3572 1706 11 0
3571 1686 8 0
3570 1666 9 0
3569 1646 10 0
3568 1626 11 0
3567 1606 8 0
3566 1586 9 0
3548 1576 10 0
3530 1566 11 0
3512 1556 8 0
3494 1546 9 0
3476 1536 10 0
3458 1526 11 0
3440 1516 8 0
3422 1506 9 0
3404 1496 10 0
3386 1486 11 0
3368 1476 8 0
3350 1466 9 0
3332 1456 10 0
3314 1446 11 0
3296 1436 8 0
3278 1426 9 0
3260 1416 10 0
3242 1406 11 0
3224 1396 8 0
3206 1386 9 0
3188 1376 10 0
3170 1366 11 0
3152 1356 8 0
3134 1346 9 0
3116 1336 10 0
3098 1326 11 0
3080 1316 8 0
3062 1306 9 0
3044 1296 10 0
3026 1286 11 0
3008 1276 8 0
2990 1266 9 0
2972 1256 10 0
2954 1246 11 0
2936 1236 8 0
2918 1226 9 0
2900 1216 10 0
2882 1206 11 0
2864 1196 8 0
2846 1186 9 0
2828 1176 10 0
2810 1166 11 0
2792 1156 8 0
2774 1146 9 0
2756 1136 10 0
2738 1126 11 0
2720 1116 8 0
2702 1106 9 0
2684 1096 10 0
2666 1086 11 1
2640 1071 8 1
2614 1056 9 1
2588 1041 10 1
2562 1026 11 1
2536 1011 8 1
2510 996 9 1
2484 981 10 1
2458 966 11 1
2432 951 8 1
2406 936 9 1
2380 921 10 1
2354 906 11 1
2328 891 8 1
2302 876 9 1
2276 861 10 1
2250 846 11 1
2224 831 8 1
2198 816 9 1
2172 801 10 1
2146 786 11 1
2120 771 8 1
2094 756 9 1
2068 741 10 1
2042 726 11 1
2016 711 8 1
1990 696 9 1
1964 681 10 1
1938 666 11 1
1912 651 8 1
1886 636 9 1
1860 621 10 1
1834 606 11 1
1808 591 8 1
1782 576 9 1
1756 561 10 1
1730 546 11 1
1704 531 8 1
1678 516 9 1
1652 501 10 1
1626 486 11 1
1600 471 8 1
1574 456 9 1
1548 441 10 1
1522 426 11 1
1496 411 8 1
1470 396 9 1
1444 381 10 1
