2975 5750 0 0
2975 5750 0 0
2975 5540 1 0
2975 5539 2 0
2975 5538 3 0
2975 5537 0 0
2975 5536 1 0
2975 5535 2 0
2976 5534 3 0
2977 5533 0 0
2978 5532 1 0
2979 5531 2 0
2980 5530 3 0
2981 5528 0 0
2983 5526 1 0
2985 5524 2 0
2987 5522 3 0
2989 5520 0 0
2991 5518 1 0
2993 5516 2 0
2996 5514 3 0
2999 5512 0 0
3002 5510 1 0
3005 5507 2 0
3008 5504 3 0
3011 5501 0 0
3015 5498 1 0
3019 5495 2 0
3023 5492 3 0
3027 5489 0 0
3031 5486 1 0
3036 5483 2 0
3041 5480 3 0
3046 5476 0 0
3051 5472 1 0
3056 5468 2 0
3061 5464 3 0
3066 5460 0 0
3071 5456 1 0
3076 5452 2 0
3081 5448 3 0
3086 5444 0 0
3091 5440 1 0
3096 5436 2 0
3101 5432 3 0
3106 5428 0 0
3111 5424 1 0
3116 5420 2 0
3121 5416 3 0
3126 5412 0 0
3131 5408 1 0
3136 5404 2 0
3146 5403 3 0
3151 5399 0 0
3156 5395 1 0
3161 5391 2 0
3166 5387 3 0
3171 5383 0 0
3176 5379 1 0
3181 5375 2 0
3186 5371 3 0
3191 5367 0 0
3196 5363 1 0
3201 5359 2 0
3206 5355 3 0
3211 5351 0 0
3216 5347 1 0
3226 5346 2 0
3236 5345 3 0
3246 5344 0 0
3258 5343 1 0
3264 5339 2 0
3270 5335 3 0
3276 5331 0 0
3282 5327 1 0
3288 5323 2 0
3294 5319 3 0
3300 5315 0 0
3306 5311 1 0
3312 5307 2 0
3318 5303 3 0
3324 5299 0 0
3330 5295 1 0
3336 5291 2 0
3348 5290 3 0
3360 5289 0 0
3372 5288 1 0
3384 5287 2 0
3390 5283 3 0
3396 5279 0 0
3402 5275 1 0
3408 5271 2 0
3414 5267 3 0
3420 5263 0 0
3426 5259 1 1
3451 5244 2 1
3476 5229 3 1
3501 5214 0 1
3526 5199 1 1
3551 5184 2 1
3576 5169 3 1
3601 5154 0 1
3626 5139 1 1
3651 5124 2 1
3701 5124 3 1
3751 5124 0 1
3776 5109 1 1
3801 5094 2 1
3826 5079 3 1
3851 5064 0 1
3876 5049 1 1
3901 5034 2 1
3926 5019 3 1
3951 5004 0 1
3976 4989 1 1
4001 4974 2 1
4026 4959 3 1
4051 4944 0 1
4076 4929 1 1
4101 4914 2 1
4126 4899 3 1
4151 4884 0 1
4176 4869 1 1
4201 4854 2 1
4226 4839 3 1
4251 4824 0 1
4276 4809 1 1
4301 4794 2 1
4326 4779 3 1
4351 4764 0 1
4376 4749 1 1
4401 4734 2 1
4426 4719 3 1
4451 4704 0 1
4476 4689 1 1
4501 4674 2 1
4526 4659 3 1
4551 4644 0 1
4576 4629 1 1
4601 4614 2 1
4626 4599 3 1
4651 4584 4 1
4625 4599 5 1
4599 4614 6 1
4573 4629 7 1
4547 4644 8 1
4521 4629 9 1
4495 4614 10 1
4495 4614 11 1
4495 4614 12 1
4495 4614 13 1
4520 4629 14 1
4545 4644 15 1
4570 4659 12 1
4595 4674 13 1
4620 4689 14 1
4645 4704 15 1
4670 4719 12 1
4695 4734 13 1
4720 4749 14 1
4745 4764 15 1
4770 4779 12 1
4795 4794 13 1
4820 4809 14 1
4845 4824 15 1
4870 4839 12 1
4895 4854 13 1
4920 4869 14 1
4945 4884 15 1
4970 4899 12 1
4995 4914 13 1
5020 4929 14 1
5045 4944 15 1
5070 4959 12 1
5095 4974 13 1
5120 4989 14 1
5145 5004 15 1
5170 5019 12 1
5195 5034 13 1
5220 5049 14 1
5245 5064 15 1
5270 5079 12 1
5295 5094 13 1
5320 5109 14 1
5345 5124 15 1
5370 5139 12 1
5395 5154 13 1
5420 5169 14 1
5445 5184 15 1
5470 5199 12 1
5495 5214 13 1
5520 5229 14 1
5545 5244 15 1
5570 5259 12 1
5595 5274 13 1
5620 5289 14 1
5645 5304 15 1
5670 5319 12 1
5695 5334 13 1
5720 5349 14 1
5745 5364 15 1
5770 5379 12 1
5795 5394 13 1
5820 5409 14 1
5845 5424 15 1
5870 5439 12 1
5895 5454 13 1
5920 5469 14 1
5945 5484 15 1
5970 5499 12 1
5995 5514 13 1
6020 5529 14 1
6070 5555 15 1
6120 5570 12 1
6170 5585 0 1
6195 5570 1 1
6220 5555 2 1
6245 5540 3 1
6270 5525 0 1
6295 5510 1 1
6320 5495 2 1
6345 5480 3 1
6370 5465 0 1
6395 5450 1 1
6420 5435 2 1
6445 5420 3 1
6470 5405 0 1
6495 5390 1 1
6520 5375 2 1
6545 5360 3 1
6570 5345 0 1
6595 5330 1 1
6620 5315 2 1
6645 5300 3 1
6670 5285 0 1
6695 5270 1 1
6720 5255 2 1
6745 5240 3 1
6770 5225 0 1
6795 5210 1 1
6820 5195 2 1
6845 5180 3 1
6870 5165 0 1
6895 5150 1 1
6920 5135 2 1
6937 5125 3 0
6954 5115 0 0
6971 5105 1 0
6988 5095 2 0
7005 5085 3 0
7022 5075 0 0
7039 5065 1 0
7056 5055 2 0
7073 5045 3 0
7090 5035 0 0
7107 5025 1 0
7124 5015 2 0
7141 5005 3 0
7158 4995 0 0
7175 4985 1 0
7192 4975 2 0
7209 4965 3 0
7226 4955 0 0
7243 4945 1 0
7260 4935 2 0
7277 4925 3 0
7294 4915 0 0
7311 4905 1 0
7328 4895 2 0
7345 4885 3 0
7362 4875 0 0
7379 4865 1 0
7396 4855 2 0
7413 4845 3 0
7430 4835 0 0
7447 4825 1 0
7464 4815 2 0
7481 4805 3 0
7515 4805 0 0
7549 4805 1 0
7583 4805 2 0
7600 4795 3 0
7617 4785 0 0
7634 4775 1 0
7651 4765 2 0
7668 4755 3 0
7685 4745 0 0
7702 4735 1 0
7719 4725 2 0
7736 4715 3 0
7753 4705 0 0
7770 4695 1 0
7787 4685 2 0
7804 4675 3 0
7821 4665 0 0
7838 4655 1 0
7855 4645 2 0
7872 4635 3 0
7889 4625 0 0
7906 4615 1 0
7923 4605 2 0
7940 4595 3 0
7957 4585 0 0
7974 4575 1 0
7991 4565 2 0
8008 4555 3 0
8025 4545 0 0
8042 4535 1 0
8059 4525 2 0
8076 4515 3 0
8093 4505 0 0
8110 4495 1 0
8127 4485 2 0
8144 4475 3 0
8161 4465 0 0
8178 4455 1 0
8195 4445 2 0
8212 4435 3 0
8229 4425 0 0
8246 4415 1 0
8263 4405 2 0
8280 4395 3 0
8297 4385 0 0
8314 4375 1 0
8331 4365 2 0
8348 4355 3 0
8365 4345 0 0
8382 4335 1 0
8399 4325 2 0
8416 4315 3 0
8433 4305 0 0
8450 4295 1 0
8467 4285 2 0
8484 4275 3 0
8501 4265 0 0
8518 4255 1 0
8535 4245 2 0
8552 4235 3 0
8569 4225 0 0
8586 4215 1 0
8603 4205 2 0
8620 4195 3 0
8637 4185 0 0
8654 4175 1 0
8671 4165 2 0
8688 4155 3 0
8705 4145 0 0
8722 4135 1 0
8739 4125 2 0
8756 4115 3 0
8773 4105 0 0
8790 4095 1 0
8807 4085 2 0
8824 4075 3 0
8841 4065 0 0
8858 4055 1 0
8875 4045 2 0
8892 4035 3 0
8909 4025 0 0
8926 4015 1 0
8943 4005 2 0
8960 3995 3 0
8977 3985 0 0
8994 3975 1 0
9011 3965 2 0
9028 3955 3 0
9045 3945 0 0
9062 3935 1 0
9079 3925 2 0
9096 3915 3 0
9113 3905 0 0
9130 3895 1 0
9147 3885 2 0
9164 3875 3 0
9181 3865 0 0
9198 3855 1 0
9215 3845 2 0
9232 3835 3 0
9249 3825 0 0
9266 3815 1 0
9283 3805 2 0
9300 3795 3 0
9317 3785 0 0
9334 3775 1 0
9351 3765 2 0
9368 3755 3 0
9385 3745 0 0
9402 3735 1 0
9419 3725 2 0
9436 3715 3 0
9453 3705 0 0
9470 3695 1 0
9487 3685 2 0
9504 3675 3 0
9521 3665 0 0
9538 3655 1 0
9555 3645 2 0
9572 3635 3 0
9589 3625 0 0
9606 3615 1 0
9623 3605 2 0
9640 3595 3 0
9657 3585 0 0
9674 3575 1 0
9691 3565 2 0
9708 3555 3 0
9725 3545 0 0
9742 3535 1 0
9759 3525 2 0
9776 3515 3 0
9793 3505 0 0
9810 3495 1 0
9827 3485 2 0
9844 3475 3 0
9861 3465 0 0
9878 3455 1 0
9895 3445 2 0
9912 3435 3 0
9929 3425 0 0
9946 3415 1 0
9963 3405 2 0
9980 3395 3 0
9997 3385 0 0
10014 3375 1 0
10031 3365 2 0
10048 3355 3 0
10065 3345 0 0
10082 3335 1 0
10099 3325 2 0
10116 3315 3 0
10133 3305 0 0
10150 3295 1 0
10167 3285 2 0
10184 3275 3 0
10201 3265 0 0
10218 3255 1 0
10235 3245 2 0
10252 3235 3 0
10269 3225 0 0
10286 3215 1 0
10303 3205 2 0
10320 3195 3 0
10337 3185 0 0
10354 3175 1 0
10371 3165 2 0
10388 3155 3 0
10405 3145 0 0
10422 3135 1 0
10439 3125 2 0
10456 3115 3 0
10473 3105 4 0
10455 3115 5 0
10437 3125 6 0
10419 3135 7 0
10401 3145 8 0
10383 3135 9 0
10365 3125 10 0
10347 3115 11 0
10329 3105 8 0
10311 3095 9 0
10293 3085 10 0
10275 3075 11 0
10257 3065 8 0
10256 3045 9 0
10255 3025 10 0
10254 3005 11 0
10253 2985 8 0
10252 2965 9 0
10234 2955 10 0
10216 2945 11 0
10198 2935 8 0
10180 2925 9 0
10162 2915 10 0
10144 2905 11 0
10126 2895 8 0
10108 2885 9 0
10090 2875 10 0
10072 2865 11 0
10054 2855 8 0
10036 2845 9 0
10018 2835 10 0
10017 2815 11 0
10016 2795 8 0
10015 2775 9 0
9997 2765 10 0
9979 2755 11 0
9961 2745 8 0
9943 2735 9 0
9925 2725 10 0
9907 2715 11 0
9889 2705 8 0
9871 2695 9 0
9853 2685 10 0
9835 2675 11 0
9817 2665 8 0
9799 2655 9 0
9781 2645 10 0
9763 2635 11 0
9745 2625 8 0
9727 2615 9 0
9709 2605 10 0
9691 2595 11 0
9673 2585 8 0
9655 2575 9 0
9637 2565 10 0
9619 2555 11 0
9601 2545 8 0
9583 2535 9 0
9582 2515 10 0
9581 2495 11 0
9580 2475 8 0
9579 2455 9 0
9561 2445 10 0
9543 2435 11 0
9525 2425 8 0
9507 2415 9 0
9489 2405 10 0
9471 2395 11 0
9453 2385 8 0
9435 2375 9 0
9417 2365 10 0
9399 2355 11 0
9381 2345 8 0
9363 2335 9 0
9345 2325 10 0
9327 2315 11 0
9309 2305 8 0
9291 2295 9 0
9273 2285 10 0
9255 2275 11 0
9237 2265 8 0
9201 2265 9 0
9165 2265 10 0
9147 2255 11 0
9129 2245 8 0
9111 2235 9 0
9093 2225 10 0
9075 2215 11 0
9057 2205 8 0
9039 2195 9 0
9021 2185 10 0
9003 2175 11 0
8985 2165 8 0
8967 2155 9 0
8949 2145 10 0
8931 2135 11 0
8913 2125 8 0
8895 2115 9 0
8877 2105 10 0
8859 2095 11 0
8841 2085 8 0
8823 2075 9 0
8805 2065 10 0
8787 2055 11 0
8769 2045 8 0
8751 2035 9 0
8733 2025 10 0
8715 2015 11 0
8697 2005 8 0
8679 1995 9 0
8661 1985 10 0
8643 1975 11 0
8625 1965 8 0
8607 1955 9 0
8589 1945 10 0
8571 1935 11 0
8553 1925 8 0
8535 1915 9 0
8517 1905 10 0
8499 1895 11 0
8481 1885 8 0
8463 1875 9 0
8445 1865 10 0
8427 1855 11 0
8409 1845 8 0
8391 1835 9 0
8373 1825 10 0
8355 1815 11 0
8337 1805 8 0
8319 1795 9 0
8301 1785 10 0
8283 1775 11 0
8265 1765 8 0
8247 1755 9 0
8229 1745 10 0
8211 1735 11 0
8193 1725 8 0
8175 1715 9 0
8157 1705 10 0
8139 1695 11 0
8121 1685 8 0
8103 1675 9 0
8085 1665 10 0
8067 1655 11 0
8049 1645 8 0
8031 1635 9 0
8013 1625 10 0
7995 1615 11 0
7977 1605 8 0
7959 1595 9 0
7941 1585 10 0
7923 1575 11 0
7905 1565 8 0
7887 1555 9 0
7869 1545 10 0
7868 1525 11 0
7867 1505 8 0
7849 1495 9 0
7831 1485 10 0
7813 1475 11 0
7795 1465 8 0
7777 1455 9 0
7759 1445 10 0
7741 1435 11 0
7723 1425 8 0
7705 1415 9 0
7687 1405 10 0
7669 1395 11 0
7651 1385 8 0
7633 1375 9 0
7615 1365 10 0
7597 1355 11 0
7579 1345 8 0
7561 1335 9 0
7543 1325 10 0
7525 1315 11 0
7507 1305 8 0
7489 1295 9 0
7471 1285 10 0
7453 1275 11 0
7435 1265 8 0
7417 1255 9 0
7399 1245 10 0
7381 1235 11 0
7363 1225 8 0
7345 1215 9 0
7327 1205 10 0
7309 1195 11 0
7291 1185 8 0
7273 1175 9 0
7255 1165 10 0
7237 1155 11 0
7219 1145 8 0
7201 1135 9 0
7183 1125 4 0
7165 1135 5 0
7147 1145 6 0
7129 1155 7 0
7111 1165 4 0
7093 1175 5 0
7075 1185 6 0
7057 1195 7 0
7039 1205 4 0
7021 1215 5 0
7003 1225 6 0
6985 1235 7 0
6967 1245 4 0
6949 1255 5 0
6931 1265 6 0
6913 1275 7 0
6895 1285 4 0
6877 1295 5 0
6859 1305 6 0
6841 1315 7 0
6823 1325 4 0
6805 1335 5 0
6787 1345 6 0
6769 1355 7 0
6751 1365 4 0
6733 1375 5 0
6715 1385 6 0
6697 1395 7 0
6679 1405 4 0
6661 1415 5 0
6643 1425 6 0
6625 1435 7 1
6599 1450 4 1
6573 1465 5 1
6547 1480 6 1
6521 1495 7 1
6495 1510 4 1
6469 1525 5 1
6443 1540 6 1
6417 1555 7 1
6391 1570 4 1
6365 1585 5 1
6339 1600 6 1
6313 1615 7 1
6287 1630 4 1
6261 1645 5 1
6235 1660 6 1
6209 1675 7 1
6183 1690 4 1
6157 1705 5 1
6131 1720 6 1
6105 1735 7 1
6079 1750 4 1
6053 1765 5 1
6027 1780 6 1
6001 1795 7 1
5975 1810 4 1
5949 1825 5 1
5923 1840 6 1
5897 1855 7 1
5871 1870 4 1
5845 1885 5 1
5819 1900 6 1
5793 1915 7 1
5767 1930 4 1
5741 1945 5 1
5715 1960 6 1
5689 1975 7 1
5663 1990 4 1
5637 2005 5 1
5611 2020 6 1
5585 2035 7 1
5584 2065 4 1
5583 2095 5 1
5557 2110 6 1
5531 2125 7 1
5505 2140 4 1
5479 2155 5 1
5453 2170 6 1
5427 2185 7 1
5401 2200 4 1
5375 2215 5 1
5349 2230 6 1
5323 2245 7 1
5297 2260 4 1
5271 2275 5 1
5245 2290 6 1
5219 2305 7 1
5193 2320 4 1
5167 2335 5 1
5141 2350 6 1
5115 2365 7 1
5089 2380 4 1
5063 2395 5 1
5062 2425 6 1
5061 2455 7 1
5060 2485 4 1
5034 2500 5 1
5008 2515 6 1
4982 2530 7 1
4956 2545 4 1
4930 2560 5 1
4904 2575 6 1
4878 2590 7 1
4852 2605 4 1
4826 2620 5 1
4800 2635 6 1
4774 2650 7 1
4748 2665 4 1
4722 2680 5 1
4696 2695 6 1
4670 2710 7 1
4644 2725 4 1
4618 2740 5 1
4592 2755 6 1
4566 2770 7 1
4540 2785 4 1
4514 2800 5 1
4488 2815 6 1
4462 2830 7 1
4436 2845 4 1
4410 2860 5 1
4384 2875 6 1
4358 2890 7 1
4332 2905 4 1
4306 2920 5 1
4280 2935 6 1
4254 2950 7 1
4228 2965 4 1
4202 2980 5 1
4176 2995 6 1
4150 3010 7 1
4124 3025 4 1
4098 3040 5 1
4072 3055 6 1
4046 3070 7 1
4020 3085 4 1
3994 3100 5 1
3968 3115 6 1
3942 3130 7 1
3916 3145 4 1
3890 3160 5 1
3864 3175 6 1
3838 3190 7 1
3812 3205 4 1
3786 3220 5 1
3760 3235 6 1
3734 3250 7 1
3708 3265 4 1
3682 3280 5 1
3656 3295 6 1
3630 3310 7 1
3604 3325 4 1
3578 3340 5 1
3552 3355 6 1
3526 3370 7 1
3500 3385 4 1
3474 3400 5 1
3448 3415 6 1
3422 3430 7 1
3396 3445 4 1
3370 3460 5 1
3344 3475 6 1
3318 3490 7 1
3292 3505 4 1
3266 3520 5 1
3240 3535 6 1
3214 3550 7 1
3188 3565 4 1
3162 3580 5 1
3136 3595 6 1
3110 3610 7 1
3084 3625 4 1
3058 3640 5 1
3032 3655 6 1
3006 3670 7 1
2980 3685 4 1
2954 3700 5 1
2928 3715 6 1
2902 3730 7 1
2876 3745 4 1
2850 3760 5 1
2832 3770 6 0
2814 3780 7 0
2796 3790 4 0
2778 3800 5 0
2760 3810 6 0
2742 3820 7 0
2724 3830 4 0
2706 3840 5 0
2688 3850 6 0
2670 3860 7 0
2652 3870 4 0
2634 3880 5 0
2616 3890 6 0
2598 3900 7 0
2580 3910 4 0
2562 3920 5 0
2544 3930 6 0
2526 3940 7 0
2508 3950 4 0
2490 3960 5 0
2472 3970 6 0
2454 3980 7 0
2436 3990 4 0
2418 4000 5 0
2400 4010 6 0
2382 4020 7 0
2364 4030 4 0
2346 4040 5 0
2328 4050 6 0
2310 4060 7 0
2292 4070 4 0
2274 4080 5 0
2256 4090 6 0
2238 4100 7 0
2220 4110 4 0
2202 4120 5 0
2184 4130 6 0
2166 4140 7 0
2148 4150 4 0
2130 4160 5 0
2112 4170 6 0
2094 4180 7 0
2076 4190 4 0
2058 4200 5 0
2040 4210 6 0
2022 4220 7 0
2004 4230 4 0
1986 4240 5 0
1968 4250 6 0
1950 4260 7 0
1932 4270 4 0
1914 4280 5 0
1896 4290 6 0
1878 4300 7 0
1860 4310 4 0
1842 4320 5 0
1824 4330 6 0
1806 4340 7 0
1788 4350 4 0
1770 4360 5 0
1752 4370 6 0
1734 4380 7 0
1716 4390 8 0
1698 4380 9 0
1680 4370 10 0
1662 4360 11 0
1644 4350 8 0
1626 4340 9 0
1608 4330 10 0
1590 4320 11 0
1572 4310 8 0
1554 4300 9 0
1536 4290 10 0
1518 4280 11 0
1500 4270 8 0
1482 4260 9 0
1464 4250 10 0
1446 4240 11 0
1428 4230 8 0
1410 4220 9 0
1392 4210 10 0
1374 4200 11 0
1356 4190 8 0
1338 4180 9 0
1320 4170 10 0
1302 4160 11 0
1284 4150 8 0
1266 4140 9 0
1248 4130 10 0
1230 4120 11 0
1212 4110 8 0
1194 4100 9 0
1176 4090 10 0
1158 4080 11 0
1140 4070 8 0
1122 4060 9 0
1104 4050 10 0
1086 4040 11 0
1068 4030 8 0
1050 4020 9 0
1032 4010 10 0
1014 4000 11 0
996 3990 8 0
978 3980 9 0
960 3970 10 0
942 3960 11 0
924 3950 8 0
906 3940 9 0
888 3930 10 0
870 3920 11 0
852 3910 8 0
834 3900 9 0
816 3890 10 0
798 3880 11 0
780 3870 8 0
762 3860 9 0
744 3850 10 0
726 3840 11 0
708 3830 8 0
690 3820 9 0
672 3810 10 0
654 3800 11 0
636 3790 8 0
618 3780 9 0
600 3770 10 0
582 3760 11 0
564 3750 8 0
546 3740 9 0
528 3730 10 0
510 3720 11 0
492 3710 8 0
474 3700 0 0
491 3690 1 0
508 3680 2 0
525 3670 3 0
542 3660 0 0
559 3650 1 0
576 3640 2 0
593 3630 3 0
610 3620 0 0
627 3610 1 0
644 3600 2 0
661 3590 3 0
678 3580 0 0
695 3570 1 0
712 3560 2 0
729 3550 3 0
746 3540 0 0
763 3530 1 0
780 3520 2 0
797 3510 3 0
814 3500 0 0
831 3490 1 0
848 3480 2 0
865 3470 3 0
882 3460 0 0
899 3450 1 0
916 3440 2 0
933 3430 3 0
950 3420 0 0
967 3410 1 0
984 3400 2 0
1001 3390 3 0
1018 3380 0 0
1035 3370 1 0
1052 3360 2 0
1069 3350 3 0
1086 3340 0 0
1103 3330 1 0
1120 3320 2 0
1137 3310 3 0
1154 3300 0 0
1171 3290 1 0
1188 3280 2 0
1205 3270 3 0
1222 3260 0 0
1239 3250 1 0
1256 3240 2 0
1273 3230 3 0
1290 3220 0 0
1307 3210 1 0
1324 3200 2 0
1341 3190 3 0
1358 3180 0 0
1375 3170 1 0
1392 3160 2 0
1409 3150 3 0
1426 3140 0 0
1443 3130 1 0
1460 3120 2 0
1477 3110 3 0
1494 3100 0 0
1511 3090 1 0
1528 3080 2 0
1545 3070 3 0
1562 3060 0 0
1579 3050 1 0
1596 3040 2 0
1613 3030 3 0
1630 3020 0 0
1647 3010 1 0
1664 3000 2 0
1681 2990 3 0
1698 2980 0 0
1697 2960 1 0
1696 2940 2 0
1713 2930 3 0
1730 2920 0 0
1747 2910 1 0
1764 2900 2 0
1781 2890 3 0
1798 2880 0 0
1815 2870 1 0
1832 2860 2 0
1849 2850 3 0
1866 2840 0 0
1883 2830 1 0
1900 2820 2 0
1917 2810 3 0
1934 2800 0 0
1951 2790 1 0
1968 2780 2 0
1985 2770 3 0
2002 2760 0 0
2019 2750 1 0
2036 2740 2 0
2053 2730 3 0
2070 2720 0 0
2087 2710 1 0
2104 2700 2 0
2121 2690 3 0
2138 2680 0 0
2155 2670 1 0
2172 2660 2 0
2189 2650 3 0
2206 2640 0 0
2223 2630 1 0
2240 2620 2 0
2257 2610 3 0
2274 2600 0 0
2291 2590 1 0
2308 2580 2 0
2325 2570 3 0
2342 2560 0 0
2359 2550 1 0
2376 2540 2 0
2393 2530 3 0
2410 2520 0 0
2427 2510 1 0
2444 2500 2 0
2461 2490 3 0
2478 2480 0 0
2495 2470 1 0
2512 2460 2 0
2529 2450 3 0
2546 2440 0 0
2563 2430 1 0
2580 2420 2 0
2597 2410 3 0
2614 2400 0 0
2631 2390 1 0
2648 2380 2 0
2665 2370 3 0
2682 2360 0 0
2699 2350 1 0
2716 2340 2 0
2733 2330 3 0
2750 2320 0 0
2767 2310 1 0
2784 2300 2 0
2801 2290 3 0
2818 2280 0 0
2835 2270 1 0
2852 2260 2 0
2869 2250 3 0
2886 2240 0 0
2903 2230 1 0
2920 2220 2 0
2937 2210 3 0
2954 2200 0 0
2971 2190 1 0
2988 2180 2 0
3005 2170 3 0
3022 2160 0 0
3039 2150 1 0
3056 2140 2 0
3073 2130 3 0
3090 2120 0 0
3107 2110 1 0
3124 2100 2 0
3141 2090 3 0
3158 2080 0 0
3175 2070 1 0
3192 2060 2 0
3209 2050 3 0
3226 2040 0 0
3243 2030 1 0
3260 2020 2 0
3277 2010 3 0
3294 2000 0 0
3311 1990 1 0
3328 1980 2 0
3345 1970 3 0
3362 1960 0 0
3379 1950 1 0
3396 1940 2 0
3413 1930 3 0
3430 1920 0 0
3447 1910 1 0
3464 1900 2 0
3481 1890 3 0
3498 1880 0 0
3515 1870 1 0
3532 1860 2 0
3549 1850 3 0
3566 1840 4 0
3548 1850 5 0
3530 1860 6 0
3512 1870 7 0
3494 1880 8 0
3476 1870 9 0
3476 1870 10 0
3476 1870 11 0
3476 1870 8 0
3476 1870 9 0
3476 1870 10 0
3476 1870 11 0
3476 1870 8 0
3476 1870 9 0
3476 1870 10 0
3476 1870 11 0
3476 1870 8 0
3476 1870 9 0
3493 1860 10 0
3510 1850 11 0
3527 1840 8 0
3544 1830 9 0
3561 1820 10 0
3561 1820 11 0
3561 1820 8 0
3561 1820 9 0
3561 1820 10 0
3561 1820 11 0
3561 1820 8 0
3561 1820 9 0
3561 1820 10 0
3561 1820 11 0
3561 1820 8 0
3561 1820 9 0
3561 1820 10 0
3561 1820 11 0
3561 1820 8 0
3561 1820 9 0
3561 1820 9 0
3561 1820 9 0
3561 1820 9 0
3561 1820 9 0
3561 1820 9 0
3561 1820 9 0
3561 1820 9 0
3561 1820 10 0
3561 1820 11 0
3561 1820 8 0
3561 1820 9 0
3561 1820 10 0
3561 1820 11 0
3562 1820 8 0
3563 1820 9 0
3564 1820 10 0
3565 1820 11 0
3566 1821 8 0
3567 1822 9 0
3569 1823 10 0
3571 1824 11 0
3573 1825 8 0
3575 1826 9 0
3577 1827 10 0
3579 1828 11 0
3582 1829 8 0
3585 1830 9 0
3588 1832 10 0
3591 1834 11 0
3594 1836 8 0
3597 1838 9 0
3601 1840 10 0
3605 1842 11 0
3609 1844 8 0
3613 1846 9 0
3621 1845 10 0
3631 1844 11 0
3641 1844 8 0
3646 1840 9 0
3651 1836 10 0
3656 1832 11 0
3661 1828 8 0
3666 1824 9 0
3671 1820 10 0
3676 1816 11 0
3681 1812 8 0
3686 1808 9 0
3691 1804 10 0
3696 1800 11 0
3701 1796 8 0
3700 1788 9 0
3699 1780 10 0
3698 1772 11 0
3697 1764 8 0
3691 1760 9 0
3685 1756 10 0
3679 1752 11 0
3673 1748 8 0
3667 1744 9 0
3661 1740 10 0
3655 1736 11 0
3649 1732 8 0
3643 1728 9 0
3637 1724 10 0
3631 1720 11 0
3625 1716 8 0
3619 1712 9 0
3613 1708 10 0
3607 1704 11 0
3601 1700 8 0
3595 1696 9 0
3589 1692 10 0
3588 1684 11 0
3587 1676 8 0
3586 1668 9 0
3585 1660 10 0
3584 1652 11 0
3583 1644 8 0
3582 1636 9 0
3581 1628 10 0
3580 1620 11 0
3579 1612 8 0
3578 1604 9 0
3577 1596 10 0
3576 1588 11 0
3569 1584 8 0
3562 1580 9 0
3555 1576 10 0
3548 1572 11 0
3541 1568 8 0
3534 1564 9 0
3527 1560 10 0
3520 1556 11 0
3513 1552 8 0
3506 1548 9 0
3499 1544 10 0
3492 1540 11 0
3485 1536 8 0
3478 1532 9 0
3471 1528 10 0
3464 1524 11 0
3457 1520 8 0
3450 1516 9 0
3443 1512 10 0
3436 1508 11 0
3429 1504 8 0
3422 1500 9 0
3415 1496 10 0
3408 1492 11 0
3401 1488 8 0
3394 1484 9 0
3387 1480 10 0
3380 1476 11 0
3373 1472 8 0
3366 1468 9 0
3359 1464 10 0
3352 1460 11 0
3345 1456 8 0
3338 1452 9 0
3331 1448 10 0
3324 1444 11 0
3317 1440 8 0
3310 1436 9 0
3303 1432 10 0
3296 1428 11 0
3289 1424 8 0
3282 1420 9 0
3275 1416 10 0
3268 1412 11 0
3261 1407 8 0
3254 1402 9 0
3247 1397 10 0
3240 1392 11 0
3232 1387 8 0
3224 1382 9 0
3216 1377 10 0
3208 1372 11 0
3200 1367 8 0
3192 1362 9 0
3184 1357 10 0
3176 1352 11 0
3168 1347 8 0
3160 1342 9 0
3152 1337 10 0
3144 1332 11 0
3136 1327 8 0
3128 1322 9 0
3120 1317 10 0
3112 1312 11 0
3104 1307 8 0
3096 1302 9 0
3088 1297 10 0
3080 1292 11 1
3054 1277 8 1
3028 1262 9 1
3002 1247 10 1
2976 1232 11 1
2950 1217 8 1
2924 1202 9 1
2898 1187 10 1
2872 1172 11 1
2846 1157 8 1
2820 1142 9 1
2794 1127 10 1
2768 1112 11 1
2742 1097 8 1
2716 1082 9 1
2690 1067 10 1
2664 1052 11 1
2638 1037 8 1
2612 1022 9 1
2586 1007 10 1
2560 992 11 1
2534 977 8 1
2508 962 9 1
2482 947 10 1
2456 932 11 1
2430 917 8 1
2404 902 9 1
2378 887 10 1
2352 872 11 1
2326 857 8 1
2300 842 9 1
2274 827 10 1
2248 812 11 1
2222 797 8 1
2196 782 9 1
2170 767 10 1
2144 752 11 1
2118 737 8 1
2092 722 9 1
2066 707 10 1
2040 692 11 1
2014 677 8 1
1988 662 9 1
1962 647 10 1
1936 632 11 1
1910 617 8 1
1884 602 9 1
1858 587 10 1
1832 572 11 1
1806 557 8 1
1780 542 9 1
1754 527 10 1
1728 512 11 1
1702 497 8 1
1676 482 9 1
1650 467 10 1
1624 452 11 1
1598 437 8 1
1572 422 9 1
1546 407 10 1
1520 392 11 1
1494 377 8 1
1468 362 9 1
1442 347 10 1
