2975 5750 0 0
2975 5540 1 0
2975 5540 2 0
2975 5540 3 0
2975 5540 0 0
2975 5540 1 0
2975 5540 2 0
2977 5540 3 0
2979 5540 0 0
2981 5540 1 0
2983 5540 2 0
2985 5541 3 0
2987 5542 0 0
2991 5543 1 0
2995 5544 2 0
2999 5545 3 0
3003 5546 0 0
3007 5547 1 0
3011 5548 2 0
3017 5549 3 0
3023 5550 0 0
3029 5552 1 0
3035 5554 2 0
3041 5556 3 0
3047 5558 0 0
3055 5560 1 0
3063 5562 2 0
3071 5564 3 0
3079 5566 0 0
3087 5565 1 0
3097 5564 2 0
3107 5564 3 0
3117 5563 0 0
3127 5562 1 0
3137 5561 2 0
3147 5560 3 0
3157 5559 0 0
3167 5558 1 0
3177 5557 2 0
3187 5556 3 0
3192 5552 0 0
3197 5548 1 0
3202 5544 2 0
3207 5540 3 0
3212 5536 0 0
3217 5532 1 0
3222 5528 2 0
3227 5524 3 0
3232 5520 0 0
3237 5516 1 0
3242 5512 2 0
3247 5508 3 0
3252 5504 0 0
3257 5500 1 0
3262 5496 2 0
3267 5492 3 0
3272 5488 0 0
3277 5484 1 0
3282 5480 2 0
3287 5476 3 0
3292 5472 0 0
3297 5468 1 0
3302 5464 2 0
3307 5460 3 0
3317 5459 0 0
3327 5458 1 0
3337 5457 2 0
3347 5456 3 0
3352 5452 0 0
3358 5448 1 0
3364 5444 2 0
3370 5440 3 0
3376 5436 0 0
3382 5432 1 0
3388 5428 2 0
3394 5424 3 0
3400 5420 0 0
3406 5416 1 0
3412 5412 2 0
3418 5408 3 0
3424 5404 0 0
3430 5400 1 0
3436 5396 2 0
3442 5392 3 0
3448 5388 0 0
3454 5384 1 0
3460 5380 2 0
3466 5376 3 0
3472 5372 0 0
3478 5368 1 0
3484 5364 2 0
3490 5360 3 0
3496 5356 0 0
3508 5355 1 0
3520 5354 2 0
3532 5353 3 0
3544 5352 0 0
3550 5348 1 0
3556 5344 2 0
3562 5340 3 0
3568 5336 0 0
3574 5332 1 0
3580 5328 2 0
3586 5324 3 0
3592 5320 0 0
3598 5316 1 0
3604 5312 2 0
3610 5308 3 0
3616 5304 0 0
3622 5300 1 0
3628 5296 2 0
3634 5292 3 0
3640 5288 0 0
3646 5284 1 0
3652 5280 2 0
3658 5276 3 0
3664 5272 0 0
3670 5268 1 0
3676 5264 2 0
3682 5260 3 0
3688 5256 0 0
3694 5252 1 0
3700 5248 2 0
3706 5243 3 0
3712 5238 0 0
3718 5233 1 0
3724 5228 2 0
3731 5223 3 0
3738 5218 0 0
3745 5213 1 0
3752 5208 2 0
3759 5203 3 0
3766 5198 0 0
3780 5197 1 0
3794 5196 2 0
3808 5195 3 0
3822 5194 0 0
3829 5189 1 0
3836 5184 2 0
3843 5179 3 0
3850 5174 0 0
3857 5169 1 0
3864 5164 2 0
3871 5159 3 0
3878 5154 0 0
3885 5149 1 0
3892 5144 2 0
3899 5139 3 0
3906 5134 0 0
3913 5129 1 0
3920 5124 2 0
3927 5119 3 0
3934 5114 0 0
3941 5109 1 0
3955 5108 2 0
3969 5107 3 0
3983 5106 0 0
3990 5101 1 0
3997 5096 2 0
4004 5091 3 0
4011 5086 0 0
4018 5081 1 0
4025 5076 2 0
4032 5071 3 0
4039 5066 0 0
4046 5061 1 0
4053 5056 2 0
4060 5051 3 0
4067 5046 0 0
4074 5041 1 0
4081 5036 2 0
4088 5031 3 0
4095 5026 0 0
4102 5021 1 0
4109 5016 2 0
4116 5011 3 0
4123 5006 0 0
4130 5001 1 0
4137 4996 2 0
4144 4991 3 0
4151 4986 0 0
4158 4981 1 0
4172 4980 2 0
4186 4979 3 0
4202 4978 0 0
4210 4973 1 0
4218 4968 2 0
4226 4963 3 0
4234 4958 0 0
4242 4953 1 0
4250 4948 2 0
4258 4943 3 0
4266 4938 0 0
4274 4933 1 0
4282 4928 2 0
4290 4923 3 0
4298 4918 0 0
4306 4913 1 0
4314 4908 2 0
4322 4903 3 0
4330 4898 0 0
4338 4893 1 0
4346 4888 2 0
4354 4883 3 0
4362 4878 0 0
4370 4873 1 0
4378 4868 2 0
4386 4863 3 0
4394 4858 0 0
4402 4853 1 0
4410 4848 2 0
4418 4843 3 0
4426 4838 0 0
4434 4833 1 0
4442 4828 2 0
4450 4823 3 0
4458 4818 0 0
4466 4813 1 0
4474 4808 2 0
4482 4803 3 0
4490 4798 0 0
4489 4788 1 0
4497 4783 2 0
4505 4777 3 0
4513 4771 0 0
4521 4765 1 0
4529 4759 2 0
4537 4753 3 0
4545 4747 0 0
4553 4741 1 0
4561 4735 2 0
4569 4729 3 0
4577 4723 4 0
4568 4728 5 0
4559 4733 6 0
4550 4738 7 0
4541 4743 8 0
4532 4737 9 0
4523 4731 10 0
4514 4725 11 0
4505 4719 12 0
4513 4724 13 0
4522 4729 14 0
4531 4734 15 0
4540 4739 12 0
4549 4744 13 0
4558 4749 14 0
4567 4754 15 0
4576 4759 12 0
4585 4764 13 0
4594 4769 14 0
4603 4774 15 0
4612 4779 12 0
4621 4784 13 0
4630 4789 14 0
4639 4794 15 0
4648 4799 12 0
4657 4804 13 0
4666 4809 14 0
4675 4814 15 0
4684 4819 12 0
4693 4824 13 0
4702 4829 14 0
4711 4834 15 0
4720 4839 12 0
4729 4844 13 0
4738 4849 14 0
4747 4854 15 0
4756 4859 12 0
4765 4864 13 0
4774 4869 14 0
4783 4874 15 0
4792 4879 12 0
4801 4884 13 0
4810 4889 14 0
4819 4894 15 0
4828 4899 12 0
4837 4904 13 0
4846 4909 14 0
4855 4914 15 0
4864 4919 12 0
4873 4924 13 0
4882 4929 14 0
4891 4934 15 0
4900 4939 12 0
4909 4944 13 0
4918 4949 14 0
4927 4954 15 0
4936 4959 12 0
4945 4964 13 0
4954 4969 14 0
4963 4974 15 0
4972 4979 12 0
4981 4984 13 0
4990 4989 14 0
4999 4994 15 0
5008 4999 12 0
5017 5004 13 0
5026 5009 14 0
5035 5014 15 0
5045 5019 12 0
5055 5024 13 0
5065 5029 14 0
5075 5034 15 0
5085 5039 12 0
5095 5044 13 0
5105 5049 14 0
5115 5054 15 0
5125 5059 12 0
5135 5064 13 0
5145 5069 14 0
5155 5074 15 0
5165 5079 12 0
5175 5084 13 0
5185 5089 14 0
5195 5094 15 0
5205 5099 12 0
5215 5104 13 0
5225 5109 14 0
5235 5114 15 0
5245 5119 12 0
5255 5124 13 0
5265 5130 14 0
5275 5136 15 0
5285 5142 12 0
5295 5148 13 0
5305 5154 14 0
5315 5160 15 0
5325 5166 12 0
5335 5172 13 0
5345 5178 14 0
5355 5184 15 0
5365 5190 12 0
5375 5196 13 0
5385 5202 14 0
5395 5208 15 0
5405 5214 12 0
5415 5220 13 0
5425 5226 14 0
5435 5232 15 0
5445 5238 12 0
5455 5244 13 0
5465 5250 14 0
5475 5256 15 0
5485 5262 12 0
5495 5268 13 0
5505 5274 14 0
5515 5280 15 0
5525 5286 12 0
5535 5292 13 0
5545 5298 14 0
5555 5304 15 0
5565 5310 12 0
5575 5316 13 0
5585 5322 14 0
5595 5328 15 0
5605 5334 12 0
5615 5340 13 0
5626 5346 14 0
5637 5352 15 0
5648 5358 12 0
5659 5364 13 0
5670 5370 14 0
5681 5376 15 0
5692 5382 12 0
5703 5388 13 0
5714 5394 14 0
5725 5400 15 0
5736 5406 12 0
5747 5412 13 0
5758 5418 14 0
5769 5424 15 0
5780 5430 12 0
5791 5436 13 0
5802 5442 14 0
5813 5448 15 0
5824 5454 12 0
5835 5460 13 0
5846 5466 14 0
5857 5472 15 0
5868 5478 12 0
5879 5484 13 0
5890 5490 14 0
5901 5496 15 0
5912 5502 12 0
5923 5508 13 0
5934 5514 14 0
5945 5520 15 0
5956 5526 12 0
5967 5532 13 0
5978 5538 14 0
5989 5544 15 0
6000 5550 12 0
6011 5556 13 0
6022 5562 14 0
6044 5572 15 0
6066 5578 12 0
6088 5584 13 0
6110 5590 14 0
6132 5596 15 0
6154 5602 0 0
6165 5595 1 0
6176 5588 2 0
6187 5581 3 0
6198 5574 0 0
6209 5567 1 0
6220 5560 2 0
6231 5553 3 0
6242 5546 0 0
6253 5539 1 0
6264 5532 2 0
6275 5525 3 0
6286 5518 0 0
6297 5511 1 0
6308 5504 2 0
6320 5497 3 0
6332 5490 0 0
6344 5483 1 0
6356 5476 2 0
6368 5469 3 0
6380 5462 0 0
6392 5455 1 0
6404 5448 2 0
6416 5440 3 0
6428 5432 0 0
6440 5424 1 0
6452 5416 2 0
6464 5408 3 1
6489 5393 0 1
6514 5378 1 1
6539 5363 2 1
6564 5348 3 1
6589 5333 0 1
6614 5318 1 1
6639 5303 2 1
6664 5288 3 1
6689 5273 0 1
6714 5258 1 1
6739 5243 2 1
6764 5228 3 1
6789 5213 0 1
6814 5198 1 1
6839 5183 2 1
6864 5168 3 1
6889 5153 0 1
6914 5138 1 1
6939 5123 2 1
6964 5108 3 1
6989 5093 0 1
7014 5078 1 1
7039 5063 2 1
7064 5048 3 1
7089 5033 0 1
7114 5018 1 1
7139 5003 2 1
7164 4988 3 1
7189 4973 0 1
7214 4958 1 1
7239 4943 2 1
7264 4928 3 1
7289 4913 0 1
7314 4898 1 1
7339 4883 2 1
7364 4868 3 1
7389 4853 0 1
7414 4838 1 1
7439 4823 2 1
7464 4808 3 1
7489 4793 0 1
7514 4778 1 1
7539 4763 2 1
7564 4748 3 1
7589 4733 0 1
7614 4718 1 1
7639 4703 2 1
7664 4688 3 1
7689 4673 0 1
7714 4658 1 1
7739 4643 2 1
7764 4628 3 1
7789 4613 0 1
7814 4598 1 1
7839 4583 2 1
7864 4568 3 1
7889 4553 0 1
7914 4538 1 1
7939 4523 2 1
7964 4508 3 1
7989 4493 0 1
8014 4478 1 1
8039 4463 2 1
8064 4448 3 1
8089 4433 0 1
8114 4418 1 1
8139 4403 2 1
8164 4388 3 1
8189 4373 0 1
8214 4358 1 1
8239 4343 2 1
8264 4328 3 1
8289 4313 0 1
8314 4298 1 1
8339 4283 2 1
8389 4283 3 1
8439 4283 0 1
8489 4283 1 1
8514 4268 2 1
8539 4253 3 1
8564 4238 0 1
8589 4223 1 1
8614 4208 2 1
8639 4193 3 1
8664 4178 0 1
8689 4163 1 1
8714 4148 2 1
8739 4133 3 1
8764 4118 0 1
8789 4103 1 1
8814 4088 2 1
8839 4073 3 1
8864 4058 0 1
8889 4043 1 1
8914 4028 2 1
8939 4013 3 1
8964 3998 0 1
8989 3983 1 1
9014 3968 2 1
9039 3953 3 1
9064 3938 0 1
9089 3923 1 1
9114 3908 2 1
9139 3893 3 1
9164 3878 0 1
9189 3863 1 1
9214 3848 2 1
9239 3833 3 1
9264 3818 0 1
9289 3803 1 1
9314 3788 2 1
9339 3773 3 1
9364 3758 0 1
9389 3743 1 1
9414 3728 2 1
9439 3713 3 1
9464 3698 0 1
9489 3683 1 1
9514 3668 2 1
9539 3653 3 1
9564 3638 0 1
9589 3623 1 1
9614 3608 2 1
9639 3593 3 1
9664 3578 0 1
9689 3563 1 1
9714 3548 2 1
9739 3533 3 1
9764 3518 0 1
9789 3503 1 1
9814 3488 2 1
9839 3473 3 1
9864 3458 0 1
9889 3443 1 1
9914 3428 2 1
9939 3413 3 1
9964 3398 0 1
9989 3383 1 1
10014 3368 2 1
10039 3353 3 1
10064 3338 0 1
10089 3323 1 1
10114 3308 2 1
10139 3293 3 1
10164 3278 0 1
10189 3263 1 1
10214 3248 2 1
10239 3233 3 1
10264 3218 0 1
10289 3203 1 1
10306 3193 2 0
10323 3183 3 0
10340 3173 0 0
10357 3163 1 0
10374 3153 2 0
10391 3143 3 0
10408 3133 0 0
10425 3123 1 0
10442 3113 2 0
10459 3103 3 0
10476 3093 4 0
10458 3103 5 0
10440 3113 6 0
10422 3123 7 0
10404 3133 8 0
10386 3123 9 0
10368 3113 10 0
10350 3103 11 0
10332 3093 8 0
10314 3083 9 0
10296 3073 10 0
10278 3063 11 0
10260 3053 8 0
10242 3043 9 0
10224 3033 10 0
10206 3023 11 0
10188 3013 8 0
10170 3003 9 0
10152 2993 10 0
10134 2983 11 0
10116 2973 8 0
10098 2963 9 0
10080 2953 10 0
10062 2943 11 0
10044 2933 8 0
10026 2923 9 0
10008 2913 10 0
9990 2903 11 0
9972 2893 8 0
9954 2883 9 0
9936 2873 10 0
9918 2863 11 0
9900 2853 8 0
9882 2843 9 0
9864 2833 10 0
9846 2823 11 0
9828 2813 8 0
9810 2803 9 0
9792 2793 10 0
9774 2783 11 0
9756 2773 8 0
9738 2763 9 0
9720 2753 10 0
9702 2743 11 0
9684 2733 8 0
9666 2723 9 0
9648 2713 10 0
9630 2703 11 0
9612 2693 8 0
9594 2683 9 0
9576 2673 10 0
9558 2663 11 0
9540 2653 8 0
9522 2643 9 0
9504 2633 10 0
9486 2623 11 0
9468 2613 8 0
9450 2603 9 0
9432 2593 10 0
9414 2583 11 0
9396 2573 8 0
9378 2563 9 0
9360 2553 10 0
9342 2543 11 0
9324 2533 8 0
9306 2523 9 0
9288 2513 10 0
9270 2503 11 0
9252 2493 8 0
9234 2483 9 0
9216 2473 10 0
9198 2463 11 0
9180 2453 8 0
9162 2443 9 0
9144 2433 10 0
9126 2423 11 0
9108 2413 8 0
9090 2403 9 0
9072 2393 10 0
9054 2383 11 0
9036 2373 8 0
9018 2363 9 0
9000 2353 10 0
8982 2343 11 0
8964 2333 8 0
8946 2323 9 0
8928 2313 10 0
8910 2303 11 0
8892 2293 8 0
8874 2283 9 0
8856 2273 10 0
8838 2263 11 0
8820 2253 8 0
8802 2243 9 0
8784 2233 10 0
8766 2223 11 0
8748 2213 8 0
8730 2203 9 0
8712 2193 10 0
8694 2183 11 0
8676 2173 8 0
8658 2163 9 0
8640 2153 10 0
8622 2143 11 0
8604 2133 8 0
8586 2123 9 0
8568 2113 10 0
8550 2103 11 0
8549 2083 8 0
8548 2063 9 0
8547 2043 10 0
8529 2033 11 0
8511 2023 8 0
8493 2013 9 0
8475 2003 10 0
8457 1993 11 0
8439 1983 8 0
8421 1973 9 0
8403 1963 10 0
8385 1953 11 0
8367 1943 8 0
8349 1933 9 0
8331 1923 10 0
8313 1913 11 0
8295 1903 8 0
8277 1893 9 0
8259 1883 10 0
8241 1873 11 0
8223 1863 8 0
8205 1853 9 0
8187 1843 10 0
8169 1833 11 0
8151 1823 8 0
8133 1813 9 0
8115 1803 10 0
8097 1793 11 0
8079 1783 8 0
8061 1773 9 0
8043 1763 10 0
8025 1753 11 0
8007 1743 8 0
7989 1733 9 0
7971 1723 10 0
7953 1713 11 0
7935 1703 8 0
7917 1693 9 0
7899 1683 10 0
7881 1673 11 0
7863 1663 8 0
7845 1653 9 0
7827 1643 10 0
7809 1633 11 0
7791 1623 8 0
7773 1613 9 0
7755 1603 10 0
7737 1593 11 0
7719 1583 8 0
7701 1573 9 0
7683 1563 10 0
7665 1553 11 0
7647 1543 8 0
7629 1533 9 0
7611 1523 10 0
7593 1513 11 0
7575 1503 8 0
7557 1493 9 0
7539 1483 10 0
7521 1473 11 0
7503 1463 8 0
7485 1453 9 0
7467 1443 10 0
7449 1433 11 0
7431 1423 8 0
7413 1413 9 0
7395 1403 10 0
7377 1393 11 0
7359 1383 8 0
7341 1373 9 0
7323 1363 10 0
7305 1353 11 0
7287 1343 8 0
7269 1333 9 0
7251 1323 10 0
7233 1313 11 0
7215 1303 8 0
7197 1293 9 0
7179 1283 4 0
7161 1293 5 0
7143 1303 6 0
7125 1313 7 0
7107 1323 4 0
7089 1333 5 0
7071 1343 6 0
7053 1353 7 0
7035 1363 4 0
7017 1373 5 0
6999 1383 6 0
6981 1393 7 0
6963 1403 4 0
6945 1413 5 0
6927 1423 6 0
6909 1433 7 0
6891 1443 4 0
6890 1463 5 0
6890 1463 6 0
6890 1463 7 0
6872 1473 4 0
6854 1483 5 0
6836 1493 6 0
6818 1503 7 0
6800 1513 4 0
6782 1523 5 0
6764 1533 6 0
6746 1543 7 0
6728 1553 4 0
6710 1563 5 0
6692 1573 6 0
6674 1583 7 0
6656 1593 4 0
6638 1603 5 0
6620 1613 6 0
6584 1613 7 0
6548 1613 4 0
6512 1613 5 0
6494 1623 6 0
6476 1633 7 0
6458 1643 4 0
6440 1653 5 0
6422 1663 6 0
6404 1673 7 0
6386 1683 4 0
6368 1693 5 0
6350 1703 6 0
6332 1713 7 0
6314 1723 4 0
6296 1733 5 0
6278 1743 6 0
6260 1753 7 0
6242 1763 4 0
6224 1773 5 0
6206 1783 6 0
6188 1793 7 0
6170 1803 4 0
6152 1813 5 0
6134 1823 6 0
6116 1833 7 0
6098 1843 4 0
6080 1853 5 0
6044 1853 6 0
6008 1853 7 0
5972 1853 4 0
5936 1853 5 0
5900 1853 6 0
5864 1853 7 0
5828 1853 4 0
5792 1853 5 0
5756 1853 6 0
5738 1863 7 0
5720 1873 4 0
5702 1883 5 0
5684 1893 6 0
5666 1903 7 0
5648 1913 4 0
5630 1923 5 0
5612 1933 6 0
5594 1943 7 0
5576 1953 4 0
5558 1963 5 0
5540 1973 6 0
5522 1983 7 0
5504 1993 4 0
5486 2003 5 0
5468 2013 6 0
5450 2023 7 0
5432 2033 4 0
5414 2043 5 0
5396 2053 6 0
5378 2063 7 0
5360 2073 4 0
5360 2073 5 0
5360 2073 6 0
5360 2073 7 0
5360 2073 4 0
5360 2073 5 0
5360 2073 6 0
5360 2073 7 0
5360 2073 4 0
5360 2073 5 0
5360 2073 6 0
5360 2073 7 0
5360 2073 4 0
5360 2073 5 0
5360 2073 6 0
5360 2073 7 0
5360 2073 4 0
5360 2073 5 0
5360 2073 6 0
5359 2093 7 0
5358 2113 4 0
5357 2133 5 0
5356 2153 6 0
5338 2163 7 0
5320 2173 4 0
5302 2183 5 0
5284 2193 6 0
5266 2203 7 0
5248 2213 4 0
5230 2223 5 0
5212 2233 6 0
5194 2243 7 0
5176 2253 4 0
5158 2263 5 0
5140 2273 6 0
5122 2283 7 0
5104 2293 4 0
5086 2303 5 0
5068 2313 6 0
5050 2323 7 0
5032 2333 4 0
5014 2343 5 0
4996 2353 6 0
4978 2363 7 0
4960 2373 4 0
4942 2383 5 0
4924 2393 6 0
4906 2403 7 0
4888 2413 4 0
4870 2423 5 0
4852 2433 6 0
4834 2443 7 0
4816 2453 4 0
4798 2463 5 0
4780 2473 6 0
4762 2483 7 0
4744 2493 4 0
4726 2503 5 0
4708 2513 6 0
4690 2523 7 0
4672 2533 4 0
4654 2543 5 0
4636 2553 6 0
4618 2563 7 0
4600 2573 4 0
4582 2583 5 0
4564 2593 6 0
4546 2603 7 0
4528 2613 4 0
4510 2623 5 0
4492 2633 6 0
4474 2643 7 0
4456 2653 4 0
4438 2663 5 0
4420 2673 6 0
4402 2683 7 0
4384 2693 4 0
4366 2703 5 0
4348 2713 6 0
4330 2723 7 0
4312 2733 4 0
4294 2743 5 0
4276 2753 6 0
4258 2763 7 0
4240 2773 4 0
4222 2783 5 0
4204 2793 6 0
4186 2803 7 0
4168 2813 4 0
4150 2823 5 0
4132 2833 6 0
4114 2843 7 0
4096 2853 4 0
4078 2863 5 0
4060 2873 6 0
4042 2883 7 0
4024 2893 4 0
4006 2903 5 0
3988 2913 6 0
3970 2923 7 0
3952 2933 4 0
3934 2943 5 0
3916 2953 6 0
3898 2963 7 0
3880 2973 4 0
3862 2983 5 0
3844 2993 6 0
3826 3003 7 0
3808 3013 4 0
3790 3023 5 0
3772 3033 6 0
3754 3043 7 0
3736 3053 4 0
3718 3063 5 0
3700 3073 6 0
3682 3083 7 0
3664 3093 4 0
3646 3103 5 0
3628 3113 6 0
3610 3123 7 0
3592 3133 4 0
3574 3143 5 0
3556 3153 6 0
3538 3163 7 0
3520 3173 4 0
3502 3183 5 0
3484 3193 6 0
3466 3203 7 0
3448 3213 4 0
3430 3223 5 0
3412 3233 6 0
3394 3243 7 0
3376 3253 4 0
3358 3263 5 0
3340 3273 6 0
3322 3283 7 0
3304 3293 4 0
3286 3303 5 0
3268 3313 6 0
3250 3323 7 0
3232 3333 4 0
3214 3343 5 0
3196 3353 6 0
3178 3363 7 0
3160 3373 4 0
3142 3383 5 0
3124 3393 6 0
3106 3403 7 0
3088 3413 4 0
3070 3423 5 0
3052 3433 6 0
3034 3443 7 0
3016 3453 4 0
2998 3463 5 0
2980 3473 6 0
2962 3483 7 0
2944 3493 4 0
2926 3503 5 0
2908 3513 6 0
2890 3523 7 0
2872 3533 4 0
2854 3543 5 0
2836 3553 6 0
2818 3563 7 0
2800 3573 4 0
2782 3583 5 0
2764 3593 6 0
2746 3603 7 0
2728 3613 4 0
2710 3623 5 0
2692 3633 6 0
2674 3643 7 0
2656 3653 4 0
2638 3663 5 0
2620 3673 6 0
2602 3683 7 0
2584 3693 4 0
2566 3703 5 0
2548 3713 6 0
2530 3723 7 0
2512 3733 4 0
2494 3743 5 0
2476 3753 6 0
2458 3763 7 0
2440 3773 4 0
2422 3783 5 0
2404 3793 6 0
2386 3803 7 0
2368 3813 4 0
2350 3823 5 0
2332 3833 6 0
2314 3843 7 0
2296 3853 4 0
2278 3863 5 0
2260 3873 6 0
2242 3883 7 0
2224 3893 4 0
2206 3903 5 0
2188 3913 6 0
2170 3923 7 0
2152 3933 4 0
2134 3943 5 0
2116 3953 6 0
2098 3963 7 0
2080 3973 4 0
2062 3983 5 0
2044 3993 6 0
2044 3993 7 0
2044 3993 4 0
2044 3993 5 0
2044 3993 6 0
2044 3993 7 0
2044 3993 4 0
2044 3993 5 0
2044 3993 6 0
2044 3993 7 0
2044 3993 4 0
2044 3993 5 0
2044 3993 6 0
2044 3993 7 0
2044 3993 4 0
2044 3993 5 0
2044 3993 6 0
2044 3993 7 0
2044 3993 4 0
2044 3993 5 0
2044 3993 6 0
2044 3993 7 0
2043 4013 4 0
2042 4033 5 0
2041 4053 6 0
2040 4073 7 0
2022 4083 4 0
2004 4093 5 0
1986 4103 6 0
1968 4113 7 0
1950 4123 4 0
1932 4133 5 0
1914 4143 6 0
1896 4153 7 0
1878 4163 4 0
1860 4173 5 0
1842 4183 6 0
1824 4193 7 0
1806 4203 4 0
1788 4213 5 0
1770 4223 6 0
1752 4233 7 0
1734 4243 8 0
1698 4243 9 0
1662 4243 10 0
1626 4243 11 0
1590 4243 8 0
1572 4233 9 0
1554 4223 10 0
1536 4213 11 0
1518 4203 8 0
1500 4193 9 0
1482 4183 10 0
1464 4173 11 0
1446 4163 8 0
1428 4153 9 0
1410 4143 10 0
1392 4133 11 0
1374 4123 8 0
1356 4113 9 0
1338 4103 10 0
1320 4093 11 0
1302 4083 8 0
1284 4073 9 0
1266 4063 10 0
1248 4053 11 0
1230 4043 8 0
1194 4043 9 0
1158 4043 10 0
1122 4043 11 0
1086 4043 8 0
1068 4033 9 0
1050 4023 10 0
1032 4013 11 0
1014 4003 8 0
996 3993 9 0
978 3983 10 0
960 3973 11 0
942 3963 8 0
924 3953 9 0
906 3943 10 0
888 3933 11 0
870 3923 8 0
852 3913 9 0
834 3903 10 0
816 3893 11 0
798 3883 8 0
780 3873 9 0
762 3863 10 0
744 3853 11 0
726 3843 8 0
708 3833 9 0
690 3823 10 0
672 3813 11 0
654 3803 8 0
636 3793 9 0
618 3783 10 0
600 3773 11 0
582 3763 8 0
564 3753 9 0
546 3743 10 0
528 3733 11 0
510 3723 8 0
492 3713 9 0
474 3703 0 0
491 3693 1 0
508 3683 2 0
525 3673 3 0
542 3663 0 0
559 3653 1 0
576 3643 2 0
593 3633 3 0
610 3623 0 0
627 3613 1 0
644 3603 2 0
661 3593 3 0
678 3583 0 0
695 3573 1 0
712 3563 2 0
729 3553 3 0
746 3543 0 0
763 3533 1 1
788 3518 2 1
813 3503 3 1
838 3488 0 1
863 3473 1 1
888 3458 2 1
913 3443 3 1
938 3428 0 1
963 3413 1 1
988 3398 2 1
1013 3383 3 1
1038 3368 0 1
1063 3353 1 1
1088 3338 2 1
1113 3323 3 1
1138 3308 0 1
1163 3293 1 1
1188 3278 2 1
1213 3263 3 1
1238 3248 0 1
1263 3233 1 1
1288 3218 2 1
1313 3203 3 1
1338 3188 0 1
1363 3173 1 1
1388 3158 2 1
1413 3143 3 1
1438 3128 0 1
1463 3113 1 1
1488 3098 2 1
1513 3083 3 1
1512 3053 0 1
1511 3023 1 1
1511 3023 2 1
1511 3023 3 1
1536 3008 0 1
1561 2993 1 1
1586 2978 2 1
1611 2963 3 1
1636 2948 0 1
1661 2933 1 1
1686 2918 2 1
1711 2903 3 1
1736 2888 0 1
1761 2873 1 1
1786 2858 2 1
1811 2843 3 1
1836 2828 0 1
1861 2813 1 1
1886 2798 2 1
1911 2783 3 1
1936 2768 0 1
1961 2753 1 1
1986 2738 2 1
2011 2723 3 1
2036 2708 0 1
2086 2708 1 1
2111 2693 2 1
2136 2678 3 1
2161 2663 0 1
2186 2648 1 1
2211 2633 2 1
2236 2618 3 1
2261 2603 0 1
2286 2588 1 1
2311 2573 2 1
2336 2558 3 1
2361 2543 0 1
2386 2528 1 1
2411 2513 2 1
2436 2498 3 1
2461 2483 0 1
2511 2483 1 1
2561 2483 2 1
2611 2483 3 1
2661 2483 0 1
2711 2483 1 1
2761 2483 2 1
2786 2468 3 1
2811 2453 0 1
2836 2438 1 1
2861 2423 2 1
2886 2408 3 1
2911 2393 0 1
2936 2378 1 1
2961 2363 2 1
2986 2348 3 1
3011 2333 0 1
3036 2318 1 1
3061 2303 2 1
3086 2288 3 1
3111 2273 0 1
3136 2258 1 1
3161 2243 2 1
3186 2228 3 1
3211 2213 0 1
3236 2198 1 1
3261 2183 2 1
3286 2168 3 1
3311 2153 0 1
3336 2138 1 1
3361 2123 2 1
3386 2108 3 1
3411 2093 0 1
3436 2078 1 1
3461 2063 2 1
3486 2048 3 1
3511 2033 0 1
3536 2018 1 1
3561 2003 2 1
3586 1988 3 1
3611 1973 0 1
3636 1958 1 1
3661 1943 2 1
3686 1928 3 1
3711 1913 0 1
3736 1898 1 1
3761 1883 2 1
3786 1868 3 1
3811 1853 4 1
3785 1868 5 1
3759 1883 6 1
3733 1898 7 1
3707 1913 8 1
3681 1898 9 1
3655 1883 10 1
3629 1868 11 1
3603 1853 8 1
3577 1838 9 1
3577 1838 10 1
3577 1838 11 1
3577 1838 8 1
3577 1838 9 1
3577 1838 10 1
3577 1838 11 1
3577 1838 8 1
3577 1838 9 1
3577 1838 10 1
3577 1838 11 1
3577 1838 8 1
3577 1838 9 1
3577 1838 10 1
3577 1838 11 1
3577 1838 8 1
3577 1838 9 1
3577 1838 10 1
3577 1838 11 1
3577 1838 8 1
3577 1838 9 1
3577 1838 10 1
3577 1838 11 1
3594 1828 8 0
3611 1818 9 0
3628 1808 10 0
3645 1798 11 0
3662 1788 8 0
3679 1778 9 0
3696 1768 10 0
3713 1758 11 0
3730 1748 8 0
3747 1738 9 0
3764 1728 10 0
3763 1708 11 0
3762 1688 8 0
3744 1678 9 0
3726 1668 10 0
3708 1658 11 0
3690 1648 8 0
3672 1638 9 0
3654 1628 10 0
3636 1618 11 0
3618 1608 8 0
3600 1598 9 0
3582 1588 10 0
3564 1578 11 0
3546 1568 8 0
3528 1558 9 0
3510 1548 10 0
3492 1538 11 0
3474 1528 8 0
3456 1518 9 0
3438 1508 10 0
3420 1498 11 0
3402 1488 8 0
3384 1478 9 0
3366 1468 10 0
3348 1458 11 0
3330 1448 8 0
3312 1438 9 0
3294 1428 10 0
3276 1418 11 0
3258 1408 8 0
3240 1398 9 0
3222 1388 10 0
3204 1378 11 0
3186 1368 8 0
3168 1358 9 0
3150 1348 10 0
3132 1338 11 0
3114 1328 8 0
3096 1318 9 0
3078 1308 10 0
3060 1298 11 0
3042 1288 8 0
3024 1278 9 0
3006 1268 10 0
2988 1258 11 0
2970 1248 8 0
2952 1238 9 0
2934 1228 10 0
2916 1218 11 0
2898 1208 8 0
2880 1198 9 0
2862 1188 10 0
2844 1178 11 0
2826 1168 8 0
2808 1158 9 0
2790 1148 10 0
2772 1138 11 0
2754 1128 8 0
2736 1118 9 0
2718 1108 10 0
2700 1098 11 0
2682 1088 8 0
2664 1078 9 0
2646 1068 10 0
2628 1058 11 0
2610 1048 8 0
2574 1048 9 0
2538 1048 10 0
2502 1048 11 0
2466 1048 8 0
2430 1048 9 0
2394 1048 10 0
2358 1048 11 0
2340 1038 8 0
2322 1028 9 0
2304 1018 10 0
2286 1008 11 0
2268 998 8 0
2250 988 9 0
2232 978 10 0
2214 968 11 0
2196 958 8 0
2178 948 9 0
2160 938 10 0
2142 928 11 0
2124 918 8 0
2106 908 9 0
2088 898 10 0
2070 888 11 0
2052 878 8 0
2034 868 9 0
2016 858 10 0
1998 848 11 0
1980 838 8 0
1962 828 9 0
1944 818 10 0
1926 808 11 0
1925 788 8 0
1924 768 9 0
1906 758 10 0
1888 748 11 0
1870 738 8 0
1852 728 9 0
1834 718 10 0
1816 708 11 0
1798 698 8 0
1780 688 9 0
1762 678 10 0
1744 668 11 0
1726 658 8 0
1708 648 9 0
1690 638 10 0
1672 628 11 0
1654 618 8 0
1636 608 9 0
1618 598 10 0
1600 588 11 0
1582 578 8 0
1564 568 9 0
1546 558 10 0
1528 548 11 0
1510 538 8 0
1492 528 9 0
1474 518 10 0
1456 508 11 0
1438 498 8 0
1420 488 9 0
1402 478 10 0
1384 468 11 0
1366 458 8 0
1348 448 9 0
1330 438 10 0
1312 428 11 0
1294 418 8 0
1276 408 9 0
1258 398 10 0
1240 388 11 0
