2975 5750 0 0
2975 5750 0 0
2975 5750 0 0
2975 5540 1 0
2975 5539 2 0
2975 5538 3 0
2975 5537 0 0
2975 5536 1 0
2975 5535 2 0
2976 5534 3 0
2977 5533 0 0
2978 5532 1 0
2979 5531 2 0
2980 5530 3 0
2981 5528 0 0
2983 5526 1 0
2985 5524 2 0
2987 5522 3 0
2989 5520 0 0
2991 5518 1 0
2993 5516 2 0
2996 5514 3 0
2999 5512 0 0
3002 5510 1 0
3005 5507 2 0
3008 5504 3 0
3011 5501 0 0
3015 5498 1 0
3019 5495 2 0
3023 5492 3 0
3027 5489 0 0
3031 5486 1 0
3036 5483 2 0
3041 5480 3 0
3046 5476 0 0
3051 5472 1 0
3056 5468 2 0
3061 5464 3 0
3066 5460 0 0
3071 5456 1 0
3076 5452 2 0
3081 5448 3 0
3086 5444 0 0
3091 5440 1 0
3096 5436 2 0
3101 5432 3 0
3106 5428 0 0
3111 5424 1 0
3116 5420 2 0
3121 5416 3 0
3126 5412 0 0
3131 5408 1 0
3136 5404 2 0
3141 5400 3 0
3146 5396 0 0
3151 5392 1 0
3156 5388 2 0
3161 5384 3 0
3166 5380 0 0
3171 5376 1 0
3176 5372 2 0
3181 5368 3 0
3191 5367 0 0
3201 5366 1 0
3211 5365 2 0
3216 5361 3 0
3221 5357 0 0
3226 5353 1 0
3231 5349 2 0
3236 5345 3 0
3241 5341 0 0
3247 5337 1 0
3253 5333 2 0
3259 5329 3 0
3265 5325 0 0
3271 5321 1 0
3277 5317 2 0
3283 5313 3 0
3295 5312 0 0
3307 5311 1 0
3313 5307 2 0
3319 5303 3 0
3325 5299 0 0
3331 5295 1 0
3337 5291 2 0
3343 5287 3 0
3349 5283 0 0
3355 5279 1 0
3361 5275 2 0
3367 5271 3 0
3373 5267 0 0
3379 5263 1 0
3385 5259 2 0
3391 5255 3 0
3397 5251 0 0
3409 5250 1 0
3421 5249 2 0
3433 5248 3 0
3445 5247 0 0
3451 5243 1 0
3457 5239 2 0
3463 5235 3 0
3469 5231 0 0
3475 5227 1 0
3481 5223 2 0
3487 5219 3 0
3493 5215 0 0
3499 5211 1 0
3505 5207 2 0
3511 5203 3 0
3517 5199 0 0
3523 5195 1 0
3529 5191 2 0
3535 5187 3 0
3541 5183 0 0
3547 5179 1 0
3553 5175 2 0
3559 5171 3 0
3565 5167 0 0
3571 5163 1 0
3577 5159 2 0
3583 5155 3 0
3589 5151 0 0
3595 5147 1 0
3601 5143 2 0
3607 5138 3 0
3613 5133 0 0
3619 5128 1 0
3625 5123 2 0
3632 5118 3 0
3639 5113 0 0
3646 5108 1 0
3653 5103 2 0
3660 5098 3 0
3667 5093 0 0
3674 5088 1 0
3681 5083 2 0
3688 5078 3 0
3695 5073 0 0
3702 5068 1 0
3709 5063 2 0
3716 5058 3 0
3723 5053 0 0
3730 5048 1 0
3744 5047 2 0
3758 5046 3 0
3772 5045 0 0
3779 5040 1 0
3786 5035 2 0
3793 5030 3 0
3800 5025 0 0
3807 5020 1 0
3814 5015 2 0
3821 5010 3 0
3828 5005 0 0
3835 5000 1 0
3842 4995 2 0
3849 4990 3 0
3856 4985 0 0
3863 4980 1 0
3870 4975 2 0
3877 4970 3 0
3891 4969 0 0
3905 4968 1 0
3919 4967 2 0
3926 4962 3 0
3933 4957 0 0
3940 4952 1 0
3947 4947 2 0
3954 4942 3 0
3961 4937 0 0
3968 4932 1 0
3975 4927 2 0
3982 4922 3 0
3989 4917 0 0
3996 4912 1 0
4003 4907 2 0
4010 4902 3 0
4017 4897 0 0
4024 4892 1 0
4031 4887 2 0
4038 4882 3 0
4045 4877 0 0
4052 4872 1 0
4059 4867 2 0
4066 4862 3 0
4074 4857 0 0
4082 4852 1 0
4090 4847 2 0
4098 4842 3 0
4106 4837 0 0
4114 4832 1 0
4130 4831 2 0
4146 4830 3 0
4154 4825 0 0
4162 4820 1 0
4170 4815 2 0
4178 4810 3 0
4186 4805 0 0
4194 4800 1 0
4202 4795 2 0
4210 4790 3 0
4218 4785 0 0
4226 4780 1 0
4234 4775 2 0
4242 4770 3 0
4250 4765 0 0
4258 4760 1 0
4266 4755 2 0
4274 4750 3 0
4290 4749 0 0
4306 4748 1 0
4322 4747 2 0
4330 4742 3 0
4338 4737 0 0
4346 4732 1 0
4354 4727 2 0
4362 4722 3 0
4370 4717 0 0
4378 4712 1 0
4386 4707 2 0
4394 4702 3 0
4402 4697 0 0
4410 4692 1 0
4418 4687 2 0
4426 4681 3 0
4434 4675 0 0
4442 4669 1 0
4450 4663 2 0
4458 4657 3 0
4466 4651 0 0
4474 4645 1 0
4482 4639 2 0
4490 4633 3 0
4498 4627 0 0
4506 4621 1 0
4514 4615 2 0
4522 4609 3 0
4530 4603 0 0
4538 4597 1 0
4546 4591 2 0
4554 4585 3 0
4562 4579 0 0
4570 4573 1 0
4579 4567 2 0
4588 4561 3 0
4597 4555 4 0
4587 4560 5 0
4577 4565 6 0
4567 4570 7 0
4557 4575 8 0
4547 4569 9 0
4547 4569 10 0
4547 4569 11 0
4547 4569 12 0
4547 4569 13 0
4556 4574 14 0
4565 4579 15 0
4574 4584 12 0
4583 4589 13 0
4592 4594 14 0
4601 4599 15 0
4610 4604 12 0
4619 4609 13 0
4628 4614 14 0
4637 4619 15 0
4646 4624 12 0
4655 4629 13 0
4664 4634 14 0
4673 4639 15 0
4682 4644 12 0
4691 4649 13 0
4700 4654 14 0
4709 4659 15 0
4718 4664 12 0
4727 4669 13 0
4736 4674 14 0
4745 4679 15 0
4754 4684 12 0
4763 4689 13 0
4772 4694 14 0
4781 4699 15 0
4790 4704 12 0
4799 4709 13 0
4808 4714 14 0
4817 4719 15 0
4826 4724 12 0
4835 4729 13 0
4844 4734 14 0
4853 4739 15 0
4862 4744 12 0
4871 4749 13 0
4880 4754 14 0
4889 4759 15 0
4898 4764 12 0
4907 4769 13 0
4916 4774 14 0
4925 4779 15 0
4934 4784 12 0
4943 4789 13 0
4952 4794 14 1
4977 4809 15 1
5002 4824 12 1
5027 4839 13 1
5052 4854 14 1
5077 4869 15 1
5102 4884 12 1
5127 4899 13 1
5152 4914 14 1
5177 4929 15 1
5202 4944 12 1
5227 4959 13 1
5252 4974 14 1
5277 4989 15 1
5302 5004 12 1
5327 5019 13 1
5352 5034 14 1
5377 5049 15 1
5402 5064 12 1
5427 5079 13 1
5452 5094 14 1
5477 5109 15 1
5502 5124 12 1
5527 5139 13 1
5552 5154 14 1
5577 5169 15 1
5602 5184 12 1
5627 5199 13 1
5652 5214 14 1
5677 5229 15 1
5702 5244 12 1
5727 5259 13 1
5752 5274 14 1
5777 5289 15 1
5802 5304 12 1
5827 5319 13 1
5852 5334 14 1
5877 5349 15 1
5902 5364 12 1
5927 5379 13 1
5952 5394 14 1
5977 5409 15 1
6002 5424 12 1
6027 5439 13 1
6052 5454 14 1
6077 5469 15 1
6102 5484 12 1
6127 5499 13 1
6152 5514 0 1
6177 5499 1 1
6202 5484 2 1
6227 5469 3 1
6252 5454 0 1
6277 5439 1 1
6302 5424 2 1
6327 5409 3 1
6352 5394 0 1
6377 5379 1 1
6402 5364 2 1
6427 5349 3 1
6452 5334 0 1
6477 5319 1 1
6502 5304 2 1
6527 5289 3 1
6552 5274 0 1
6577 5259 1 1
6602 5244 2 1
6627 5229 3 1
6652 5214 0 1
6677 5199 1 1
6702 5184 2 1
6727 5169 3 1
6752 5154 0 1
6777 5139 1 1
6802 5124 2 1
6827 5109 3 1
6852 5094 0 1
6877 5079 1 1
6902 5064 2 1
6927 5049 3 1
6952 5034 0 1
6977 5019 1 1
7002 5004 2 1
7027 4989 3 1
7052 4974 0 1
7077 4959 1 1
7102 4944 2 1
7127 4929 3 1
7152 4914 0 1
7177 4899 1 1
7202 4884 2 1
7227 4869 3 1
7252 4854 0 1
7277 4839 1 1
7302 4824 2 1
7327 4809 3 1
7352 4794 0 1
7377 4779 1 1
7402 4764 2 1
7427 4749 3 1
7452 4734 0 1
7477 4719 1 1
7502 4704 2 1
7527 4689 3 1
7552 4674 0 1
7577 4659 1 1
7602 4644 2 1
7627 4629 3 1
7652 4614 0 1
7677 4599 1 1
7702 4584 2 1
7727 4569 3 1
7752 4554 0 1
7777 4539 1 1
7802 4524 2 1
7827 4509 3 1
7852 4494 0 1
7877 4479 1 1
7902 4464 2 1
7927 4449 3 1
7952 4434 0 1
7977 4419 1 1
8002 4404 2 1
8027 4389 3 1
8052 4374 0 1
8077 4359 1 1
8102 4344 2 1
8127 4329 3 1
8152 4314 0 1
8177 4299 1 1
8202 4284 2 1
8227 4269 3 1
8252 4254 0 1
8277 4239 1 1
8302 4224 2 1
8327 4209 3 1
8352 4194 0 1
8377 4179 1 1
8402 4164 2 1
8427 4149 3 1
8452 4134 0 1
8477 4119 1 1
8502 4104 2 1
8527 4089 3 1
8552 4074 0 1
8577 4059 1 1
8602 4044 2 1
8627 4029 3 1
8652 4014 0 1
8677 3999 1 1
8702 3984 2 1
8719 3974 3 0
8736 3964 0 0
8753 3954 1 0
8770 3944 2 0
8787 3934 3 0
8804 3924 0 0
8821 3914 1 0
8838 3904 2 0
8855 3894 3 0
8872 3884 0 0
8889 3874 1 0
8906 3864 2 0
8923 3854 3 0
8940 3844 0 0
8957 3834 1 0
8974 3824 2 0
8991 3814 3 0
9008 3804 0 0
9025 3794 1 0
9042 3784 2 0
9059 3774 3 0
9076 3764 0 0
9093 3754 1 0
9110 3744 2 0
9127 3734 3 0
9144 3724 0 0
9161 3714 1 0
9178 3704 2 0
9195 3694 3 0
9212 3684 0 0
9246 3684 1 0
9280 3684 2 0
9297 3674 3 0
9314 3664 0 0
9331 3654 1 0
9348 3644 2 0
9365 3634 3 0
9382 3624 0 0
9399 3614 1 0
9416 3604 2 0
9433 3594 3 0
9450 3584 0 0
9467 3574 1 0
9484 3564 2 0
9501 3554 3 0
9518 3544 0 0
9535 3534 1 0
9552 3524 2 0
9569 3514 3 0
9586 3504 0 0
9603 3494 1 0
9620 3484 2 0
9637 3474 3 0
9654 3464 0 0
9671 3454 1 0
9688 3444 2 0
9705 3434 3 0
9722 3424 0 0
9739 3414 1 0
9756 3404 2 0
9773 3394 3 0
9790 3384 0 0
9807 3374 1 0
9824 3364 2 0
9841 3354 3 0
9858 3344 0 0
9875 3334 1 0
9892 3324 2 0
9909 3314 3 0
9926 3304 0 0
9943 3294 1 0
9960 3284 2 0
9977 3274 3 0
9994 3264 0 0
10011 3254 1 0
10028 3244 2 0
10045 3234 3 0
10062 3224 0 0
10079 3214 1 0
10096 3204 2 0
10113 3194 3 0
10130 3184 0 0
10147 3174 1 0
10164 3164 2 0
10181 3154 3 0
10198 3144 0 0
10215 3134 1 0
10232 3124 2 0
10249 3114 3 0
10266 3104 4 0
10248 3114 5 0
10212 3114 6 0
10176 3114 7 0
10176 3114 8 0
10176 3114 9 0
10176 3114 10 0
10176 3114 11 0
10176 3114 8 0
10176 3114 9 0
10176 3114 10 0
10176 3114 11 0
10176 3114 8 0
10176 3114 9 0
10176 3114 10 0
10176 3114 11 0
10193 3104 8 0
10193 3104 9 0
10193 3104 10 0
10193 3104 11 0
10193 3104 8 0
10193 3104 9 0
10193 3104 10 0
10193 3104 11 0
10193 3104 8 0
10193 3104 9 0
10193 3104 10 0
10193 3104 11 0
10193 3104 8 0
10193 3104 9 0
10193 3104 10 0
10193 3104 11 0
10193 3104 8 0
10193 3104 9 0
10193 3104 9 0
10193 3104 9 0
10193 3104 9 0
10193 3104 9 0
10193 3104 9 0
10193 3104 9 0
10193 3104 9 0
10193 3104 9 0
10193 3104 9 0
10193 3104 10 0
10193 3104 11 0
10193 3104 8 0
10193 3104 9 0
10193 3104 10 0
10193 3104 11 0
10194 3104 8 0
10195 3104 9 0
10196 3104 10 0
10197 3104 11 0
10198 3105 8 0
10199 3106 9 0
10203 3105 10 0
10207 3104 11 0
10211 3103 8 0
10213 3101 9 0
10215 3099 10 0
10217 3097 11 0
10220 3095 8 0
10223 3093 9 0
10226 3091 10 0
10229 3088 11 0
10232 3085 8 0
10235 3082 9 0
10234 3076 10 0
10233 3070 11 0
10232 3064 8 0
10231 3058 9 0
10230 3052 10 0
10224 3049 11 0
10218 3046 8 0
10212 3042 9 0
10206 3038 10 0
10200 3034 11 0
10194 3030 8 0
10188 3026 9 0
10182 3022 10 0
10176 3018 11 0
10170 3014 8 0
10164 3010 9 0
10158 3006 10 0
10152 3002 11 0
10146 2998 8 0
10140 2994 9 0
10134 2990 10 0
10128 2986 11 0
10122 2982 8 0
10116 2978 9 0
10110 2974 10 0
10104 2970 11 0
10098 2966 8 0
10092 2962 9 0
10086 2958 10 0
10080 2954 11 0
10074 2950 8 0
10068 2946 9 0
10062 2942 10 0
10056 2938 11 0
10050 2934 8 0
10044 2930 9 0
10038 2926 10 0
10032 2922 11 0
10026 2918 8 0
10020 2914 9 0
10014 2910 10 0
10008 2906 11 0
10002 2902 8 0
9996 2898 9 0
9989 2894 10 0
9982 2890 11 0
9975 2886 8 0
9968 2882 9 0
9961 2878 10 0
9947 2877 11 0
9933 2876 8 0
9919 2875 9 0
9912 2871 10 0
9905 2867 11 0
9898 2863 8 0
9891 2859 9 0
9884 2855 10 0
9877 2851 11 0
9870 2847 8 0
9863 2843 9 0
9856 2839 10 0
9849 2835 11 0
9842 2831 8 0
9835 2827 9 0
9828 2823 10 0
9821 2819 11 0
9814 2815 8 0
9807 2811 9 0
9800 2807 10 0
9793 2803 11 0
9786 2799 8 0
9779 2795 9 0
9772 2791 10 0
9765 2787 11 0
9758 2783 8 0
9751 2779 9 0
9744 2775 10 0
9737 2771 11 0
9730 2767 8 0
9723 2763 9 0
9716 2759 10 0
9709 2755 11 0
9702 2751 8 0
9695 2747 9 0
9688 2743 10 0
9681 2739 11 0
9674 2735 8 0
9667 2731 9 0
9660 2727 10 0
9653 2723 11 0
9646 2719 8 0
9639 2715 9 0
9632 2711 10 0
9625 2707 11 0
9618 2703 8 0
9611 2699 9 0
9604 2695 10 0
9597 2691 11 0
9590 2686 8 0
9583 2681 9 0
9576 2676 10 0
9569 2671 11 0
9561 2666 8 0
9553 2661 9 0
9545 2656 10 0
9537 2651 11 0
9529 2646 8 0
9521 2641 9 0
9513 2636 10 0
9505 2631 11 0
9497 2626 8 0
9489 2621 9 0
9481 2616 10 0
9473 2611 11 0
9465 2606 8 0
9457 2601 9 0
9449 2596 10 0
9441 2591 11 0
9433 2586 8 0
9425 2581 9 0
9417 2576 10 0
9409 2571 11 0
9401 2566 8 0
9393 2561 9 0
9385 2556 10 0
9377 2551 11 0
9369 2546 8 0
9361 2541 9 0
9353 2536 10 0
9345 2531 11 0
9337 2526 8 0
9329 2521 9 0
9321 2516 10 0
9313 2511 11 0
9305 2506 8 0
9297 2501 9 0
9289 2496 10 0
9281 2491 11 0
9273 2486 8 0
9265 2481 9 0
9257 2476 10 0
9249 2471 11 0
9241 2466 8 0
9233 2461 9 0
9225 2456 10 0
9217 2451 11 0
9209 2446 8 0
9201 2441 9 0
9193 2436 10 0
9185 2431 11 0
9177 2426 8 0
9169 2421 9 0
9161 2416 10 0
9153 2411 11 0
9145 2406 8 0
9137 2401 9 0
9129 2396 10 0
9121 2391 11 0
9113 2386 8 0
9104 2381 9 0
9095 2376 10 0
9086 2371 11 0
9077 2366 8 0
9068 2361 9 0
9059 2356 10 0
9050 2351 11 0
9041 2346 8 0
9032 2341 9 0
9023 2336 10 0
9014 2331 11 0
9005 2326 8 0
8996 2321 9 0
8987 2316 10 0
8978 2311 11 0
8969 2306 8 0
8960 2301 9 0
8951 2296 10 0
8942 2291 11 0
8933 2286 8 0
8924 2281 9 0
8915 2276 10 0
8906 2271 11 0
8897 2266 8 0
8888 2261 9 0
8879 2256 10 0
8870 2251 11 0
8861 2246 8 0
8852 2241 9 0
8843 2236 10 0
8834 2231 11 0
8825 2226 8 0
8816 2221 9 0
8807 2216 10 0
8798 2211 11 0
8789 2206 8 0
8780 2201 9 0
8771 2196 10 0
8762 2191 11 0
8753 2185 8 0
8744 2179 9 0
8735 2173 10 0
8726 2167 11 0
8717 2161 8 0
8708 2155 9 0
8699 2149 10 0
8690 2143 11 0
8681 2137 8 0
8672 2131 9 0
8663 2125 10 0
8654 2119 11 0
8645 2113 8 0
8636 2107 9 0
8627 2101 10 0
8618 2095 11 0
8609 2089 8 0
8591 2088 9 0
8573 2087 10 0
8553 2086 11 0
8543 2080 8 0
8533 2074 9 0
8523 2068 10 0
8513 2062 11 0
8503 2056 8 0
8493 2050 9 0
8483 2044 10 0
8473 2038 11 0
8463 2032 8 0
8453 2026 9 0
8443 2020 10 0
8433 2014 11 0
8423 2008 8 0
8413 2002 9 0
8403 1996 10 0
8393 1990 11 0
8383 1984 8 0
8373 1978 9 0
8363 1972 10 0
8353 1966 11 0
8343 1960 8 0
8333 1954 9 0
8323 1948 10 0
8313 1942 11 0
8303 1936 8 0
8293 1930 9 0
8283 1924 10 0
8273 1918 11 0
8263 1912 8 0
8253 1906 9 0
8243 1900 10 0
8233 1894 11 0
8223 1888 8 0
8213 1882 9 0
8203 1876 10 0
8193 1870 11 0
8183 1864 8 0
8173 1858 9 0
8163 1852 10 0
8153 1846 11 0
8143 1840 8 0
8133 1834 9 0
8123 1828 10 0
8113 1822 11 0
8103 1816 8 0
8093 1810 9 0
8083 1804 10 0
8073 1798 11 0
8063 1792 8 0
8053 1786 9 0
8043 1780 10 0
8033 1774 11 0
8023 1768 8 0
8013 1762 9 0
8003 1756 10 0
7993 1750 11 0
7983 1744 8 0
7972 1738 9 0
7961 1732 10 0
7950 1726 11 0
7939 1720 8 0
7928 1714 9 0
7917 1708 10 0
7906 1702 11 0
7895 1696 8 0
7884 1690 9 0
7873 1684 10 0
7862 1678 11 0
7851 1672 8 0
7840 1666 9 0
7829 1660 10 0
7828 1648 11 0
7827 1636 8 0
7826 1624 9 0
7825 1612 10 0
7814 1606 11 0
7803 1600 8 0
7792 1594 9 0
7781 1588 10 0
7770 1582 11 0
7759 1575 8 0
7748 1568 9 0
7737 1561 10 0
7726 1554 11 0
7725 1540 8 0
7724 1526 9 0
7723 1512 10 0
7722 1498 11 0
7721 1484 8 0
7720 1470 9 0
7719 1456 10 0
7718 1442 11 0
7717 1428 8 0
7716 1414 9 0
7715 1400 10 0
7704 1393 11 0
7693 1386 8 1
7667 1371 9 1
7641 1356 10 1
7615 1341 11 1
7589 1326 8 1
7563 1311 9 1
7537 1296 10 1
7511 1281 11 1
7485 1266 8 1
7459 1251 9 1
7433 1236 10 1
7407 1221 11 1
7381 1206 8 1
7355 1191 9 1
7329 1176 10 1
7303 1161 11 1
7277 1146 8 1
7251 1131 9 1
7225 1116 10 1
7199 1101 11 1
7173 1086 4 1
7147 1101 5 1
7121 1116 6 1
7095 1131 7 1
7069 1146 4 1
7043 1161 5 1
7017 1176 6 1
6991 1191 7 1
6965 1206 4 1
6939 1221 5 1
6913 1236 6 1
6887 1251 7 1
6861 1266 4 1
6835 1281 5 1
6809 1296 6 1
6783 1311 7 1
6757 1326 4 1
6731 1341 5 1
6705 1356 6 1
6679 1371 7 1
6653 1386 4 1
6627 1401 5 1
6601 1416 6 1
6575 1431 7 1
6549 1446 4 1
6523 1461 5 1
6497 1476 6 1
6471 1491 7 1
6445 1506 4 1
6419 1521 5 1
6393 1536 6 1
6367 1551 7 1
6341 1566 4 1
6315 1581 5 1
6289 1596 6 1
6263 1611 7 1
6237 1626 4 1
6211 1641 5 1
6185 1656 6 1
6159 1671 7 1
6133 1686 4 1
6107 1701 5 1
6081 1716 6 1
6055 1731 7 1
6029 1746 4 1
6003 1761 5 1
5977 1776 6 1
5951 1791 7 1
5925 1806 4 1
5899 1821 5 1
5873 1836 6 1
5847 1851 7 1
5821 1866 4 1
5795 1881 5 1
5769 1896 6 1
5743 1911 7 1
5717 1926 4 1
5691 1941 5 1
5665 1956 6 1
5639 1971 7 1
5613 1986 4 1
5587 2001 5 1
5561 2016 6 1
5535 2031 7 1
5509 2046 4 1
5483 2061 5 1
5457 2076 6 1
5431 2091 7 1
5405 2106 4 1
5379 2121 5 1
5353 2136 6 1
5327 2151 7 1
5301 2166 4 1
5275 2181 5 1
5249 2196 6 1
5223 2211 7 1
5197 2226 4 1
5171 2241 5 1
5145 2256 6 1
5119 2271 7 1
5093 2286 4 1
5067 2301 5 1
5041 2316 6 1
5015 2331 7 1
4989 2346 4 1
4963 2361 5 1
4937 2376 6 1
4911 2391 7 1
4885 2406 4 1
4859 2421 5 1
4833 2436 6 1
4807 2451 7 1
4781 2466 4 1
4755 2481 5 1
4729 2496 6 1
4703 2511 7 1
4677 2526 4 1
4651 2541 5 1
4625 2556 6 1
4599 2571 7 1
4573 2586 4 1
4547 2601 5 1
4521 2616 6 1
4495 2631 7 1
4469 2646 4 1
4443 2661 5 1
4417 2676 6 1
4391 2691 7 1
4365 2706 4 1
4339 2721 5 1
4313 2736 6 1
4287 2751 7 1
4261 2766 4 1
4235 2781 5 1
4209 2796 6 1
4183 2811 7 1
4157 2826 4 1
4131 2841 5 1
4105 2856 6 1
4079 2871 7 1
4053 2886 4 1
4027 2901 5 1
4001 2916 6 1
3975 2931 7 1
3949 2946 4 1
3923 2961 5 1
3897 2976 6 1
3871 2991 7 1
3845 3006 4 1
3819 3021 5 1
3793 3036 6 1
3775 3046 7 0
3757 3056 4 0
3739 3066 5 0
3721 3076 6 0
3703 3086 7 0
3685 3096 4 0
3667 3106 5 0
3649 3116 6 0
3631 3126 7 0
3613 3136 4 0
3595 3146 5 0
3577 3156 6 0
3559 3166 7 0
3541 3176 4 0
3523 3186 5 0
3505 3196 6 0
3487 3206 7 0
3469 3216 4 0
3451 3226 5 0
3433 3236 6 0
3415 3246 7 0
3397 3256 4 0
3379 3266 5 0
3361 3276 6 0
3343 3286 7 0
3325 3296 4 0
3307 3306 5 0
3289 3316 6 0
3271 3326 7 0
3253 3336 4 0
3235 3346 5 0
3217 3356 6 0
3199 3366 7 0
3181 3376 4 0
3163 3386 5 0
3145 3396 6 0
3127 3406 7 0
3109 3416 4 0
3091 3426 5 0
3073 3436 6 0
3055 3446 7 0
3037 3456 4 0
3019 3466 5 0
3001 3476 6 0
2983 3486 7 0
2965 3496 4 0
2947 3506 5 0
2929 3516 6 0
2911 3526 7 0
2893 3536 4 0
2875 3546 5 0
2857 3556 6 0
2839 3566 7 0
2821 3576 4 0
2803 3586 5 0
2785 3596 6 0
2767 3606 7 0
2749 3616 4 0
2731 3626 5 0
2713 3636 6 0
2695 3646 7 0
2677 3656 4 0
2659 3666 5 0
2641 3676 6 0
2623 3686 7 0
2605 3696 4 0
2587 3706 5 0
2569 3716 6 0
2551 3726 7 0
2533 3736 4 0
2515 3746 5 0
2497 3756 6 0
2479 3766 7 0
2461 3776 4 0
2443 3786 5 0
2425 3796 6 0
2407 3806 7 0
2389 3816 4 0
2371 3826 5 0
2353 3836 6 0
2335 3846 7 0
2317 3856 4 0
2299 3866 5 0
2281 3876 6 0
2263 3886 7 0
2245 3896 4 0
2227 3906 5 0
2209 3916 6 0
2191 3926 7 0
2173 3936 4 0
2155 3946 5 0
2137 3956 6 0
2119 3966 7 0
2101 3976 4 0
2083 3986 5 0
2065 3996 6 0
2047 4006 7 0
2029 4016 4 0
2011 4026 5 0
1993 4036 6 0
1975 4046 7 0
1957 4056 4 0
1956 4076 5 0
1955 4096 6 0
1954 4116 7 0
1953 4136 4 0
1935 4146 5 0
1917 4156 6 0
1899 4166 7 0
1881 4176 4 0
1863 4186 5 0
1845 4196 6 0
1827 4206 7 0
1809 4216 4 0
1791 4226 5 0
1773 4236 6 0
1772 4256 7 0
1771 4276 8 0
1735 4276 9 0
1699 4276 10 0
1663 4276 11 0
1627 4276 8 0
1609 4266 9 0
1591 4256 10 0
1573 4246 11 0
1555 4236 8 0
1537 4226 9 0
1519 4216 10 0
1501 4206 11 0
1483 4196 8 0
1465 4186 9 0
1447 4176 10 0
1429 4166 11 0
1411 4156 8 0
1393 4146 9 0
1375 4136 10 0
1357 4126 11 0
1339 4116 8 0
1321 4106 9 0
1303 4096 10 0
1285 4086 11 0
1267 4076 8 0
1249 4066 9 0
1231 4056 10 0
1213 4046 11 0
1195 4036 8 0
1177 4026 9 0
1159 4016 10 0
1141 4006 11 0
1123 3996 8 0
1105 3986 9 0
1087 3976 10 0
1069 3966 11 0
1051 3956 8 0
1033 3946 9 0
1015 3936 10 0
997 3926 11 0
979 3916 8 0
961 3906 9 0
943 3896 10 0
925 3886 11 0
907 3876 8 0
889 3866 9 0
871 3856 10 0
853 3846 11 0
817 3846 8 0
781 3846 9 0
763 3836 10 0
745 3826 11 0
727 3816 8 0
709 3806 9 0
691 3796 10 0
673 3786 11 0
655 3776 8 0
637 3766 9 0
619 3756 10 0
601 3746 11 0
583 3736 8 0
565 3726 9 0
547 3716 10 0
529 3706 11 0
511 3696 0 0
528 3686 1 0
545 3676 2 0
562 3666 3 0
579 3656 0 0
596 3646 1 0
613 3636 2 0
630 3626 3 0
647 3616 0 0
664 3606 1 0
681 3596 2 0
698 3586 3 0
715 3576 0 0
732 3566 1 0
749 3556 2 0
766 3546 3 0
783 3536 0 0
800 3526 1 0
817 3516 2 0
816 3496 3 0
815 3476 0 0
814 3456 1 0
831 3446 2 0
848 3436 3 0
865 3426 0 0
882 3416 1 0
899 3406 2 0
916 3396 3 0
933 3386 0 0
950 3376 1 0
967 3366 2 0
984 3356 3 0
1001 3346 0 0
1018 3336 1 0
1035 3326 2 0
1052 3316 3 0
1069 3306 0 0
1086 3296 1 0
1103 3286 2 0
1120 3276 3 0
1137 3266 0 0
1154 3256 1 0
1171 3246 2 0
1188 3236 3 0
1205 3226 0 0
1222 3216 1 0
1239 3206 2 0
1256 3196 3 0
1273 3186 0 0
1290 3176 1 0
1307 3166 2 0
1324 3156 3 0
1341 3146 0 0
1358 3136 1 0
1375 3126 2 0
1392 3116 3 0
1409 3106 0 0
1426 3096 1 0
1443 3086 2 0
1460 3076 3 0
1477 3066 0 0
1494 3056 1 0
1511 3046 2 0
1528 3036 3 0
1545 3026 0 0
1562 3016 1 0
1579 3006 2 0
1596 2996 3 0
1613 2986 0 0
1630 2976 1 0
1647 2966 2 0
1664 2956 3 0
1681 2946 0 0
1698 2936 1 0
1715 2926 2 0
1732 2916 3 0
1749 2906 0 0
1766 2896 1 0
1783 2886 2 0
1800 2876 3 0
1817 2866 0 0
1834 2856 1 0
1851 2846 2 0
1868 2836 3 0
1885 2826 0 0
1902 2816 1 0
1919 2806 2 0
1936 2796 3 0
1953 2786 0 0
1970 2776 1 0
1987 2766 2 0
2004 2756 3 0
2021 2746 0 0
2038 2736 1 0
2055 2726 2 0
2072 2716 3 0
2089 2706 0 0
2106 2696 1 0
2123 2686 2 0
2140 2676 3 0
2157 2666 0 0
2174 2656 1 0
2191 2646 2 0
2208 2636 3 0
2225 2626 0 0
2242 2616 1 0
2259 2606 2 0
2276 2596 3 0
2293 2586 0 0
2310 2576 1 0
2327 2566 2 0
2344 2556 3 0
2361 2546 0 0
2378 2536 1 0
2395 2526 2 0
2412 2516 3 0
2429 2506 0 0
2446 2496 1 0
2463 2486 2 0
2480 2476 3 0
2497 2466 0 0
2514 2456 1 0
2531 2446 2 0
2548 2436 3 0
2565 2426 0 0
2582 2416 1 0
2599 2406 2 0
2616 2396 3 0
2633 2386 0 0
2650 2376 1 0
2667 2366 2 0
2684 2356 3 0
2701 2346 0 0
2718 2336 1 0
2735 2326 2 0
2752 2316 3 0
2769 2306 0 0
2786 2296 1 0
2803 2286 2 0
2820 2276 3 0
2837 2266 0 0
2854 2256 1 0
2871 2246 2 0
2888 2236 3 0
2905 2226 0 0
2922 2216 1 0
2939 2206 2 0
2956 2196 3 0
2973 2186 0 0
2990 2176 1 0
3007 2166 2 0
3024 2156 3 0
3041 2146 0 0
3058 2136 1 0
3075 2126 2 0
3092 2116 3 0
3109 2106 0 0
3126 2096 1 0
3143 2086 2 0
3160 2076 3 0
3177 2066 0 0
3194 2056 1 0
3211 2046 2 0
3228 2036 3 0
3245 2026 0 0
3262 2016 1 0
3279 2006 2 0
3296 1996 3 0
3313 1986 0 0
3330 1976 1 0
3347 1966 2 0
3364 1956 3 0
3381 1946 0 0
3398 1936 1 0
3415 1926 2 0
3432 1916 3 0
3466 1916 0 0
3500 1916 1 0
3534 1916 2 0
3568 1916 3 0
3602 1916 0 0
3636 1916 1 0
3670 1916 2 0
3704 1916 3 0
3738 1916 0 0
3755 1906 1 0
3772 1896 2 0
3789 1886 3 0
3806 1876 0 0
3823 1866 1 0
3840 1856 2 0
3857 1846 3 0
3874 1836 4 0
3856 1846 5 0
3838 1856 6 0
3820 1866 7 0
3802 1876 8 0
3784 1866 9 0
3766 1856 10 0
3748 1846 11 0
3730 1836 8 0
3712 1826 9 0
3694 1816 10 0
3676 1806 11 0
3658 1796 8 0
3640 1786 9 0
3622 1776 10 0
3604 1766 11 0
3586 1756 8 0
3568 1746 9 0
3550 1736 10 0
3532 1726 11 0
3514 1716 8 0
3496 1706 9 0
3478 1696 10 0
3460 1686 11 0
3442 1676 8 0
3424 1666 9 0
3406 1656 10 0
3388 1646 11 0
3370 1636 8 0
3352 1626 9 0
3334 1616 10 0
3316 1606 11 0
3298 1596 8 0
3280 1586 9 0
3262 1576 10 0
3244 1566 11 0
3226 1556 8 0
3208 1546 9 0
3190 1536 10 0
3172 1526 11 0
3154 1516 8 0
3136 1506 9 0
3118 1496 10 0
3100 1486 11 0
3082 1476 8 0
3064 1466 9 0
3046 1456 10 0
3028 1446 11 0
3010 1436 8 0
2992 1426 9 0
2974 1416 10 0
2956 1406 11 0
2938 1396 8 0
2920 1386 9 0
2902 1376 10 0
2884 1366 11 0
2866 1356 8 0
2848 1346 9 0
2830 1336 10 0
2812 1326 11 0
2794 1316 8 0
2776 1306 9 0
2758 1296 10 0
2740 1286 11 0
2722 1276 8 0
2704 1266 9 0
2686 1256 10 0
2668 1246 11 0
2650 1236 8 0
2632 1226 9 0
2614 1216 10 0
2596 1206 11 0
2578 1196 8 0
2560 1186 9 0
2542 1176 10 0
2524 1166 11 0
2506 1156 8 0
2488 1146 9 0
2470 1136 10 0
2452 1126 11 0
2434 1116 8 0
2433 1096 9 0
2432 1076 10 0
2431 1056 11 0
2430 1036 8 0
2429 1016 9 0
2411 1006 10 0
2393 996 11 0
2375 986 8 0
2357 976 9 0
2339 966 10 0
2321 956 11 0
2303 946 8 0
2285 936 9 0
2267 926 10 0
2249 916 11 0
2231 906 8 0
2213 896 9 0
2195 886 10 0
2177 876 11 0
2159 866 8 0
2141 856 9 0
2123 846 10 0
2105 836 11 0
2087 826 8 0
2069 816 9 0
2051 806 10 0
2033 796 11 0
2015 786 8 0
1997 776 9 0
1979 766 10 0
1961 756 11 0
1943 746 8 0
1925 736 9 0
1907 726 10 0
1889 716 11 0
1871 706 8 0
1853 696 9 0
1835 686 10 0
1817 676 11 0
1799 666 8 0
1781 656 9 0
1763 646 10 0
1745 636 11 0
1727 626 8 0
1709 616 9 0
1691 606 10 0
1673 596 11 0
1655 586 8 0
1637 576 9 0
1619 566 10 0
1601 556 11 0
1583 546 8 0
1565 536 9 0
1547 526 10 0
1529 516 11 0
1511 506 8 0
1493 496 9 0
1475 486 10 0
1457 476 11 0
1439 466 8 0
1421 456 9 0
1403 446 10 0
1385 436 11 0
1367 426 8 0
1349 416 9 0
1331 406 10 0
1313 396 11 0
