3275 6300 0 0
3275 6300 0 0
3275 5540 0 0
3275 5540 0 0
3275 5540 0 0
3275 5540 0 0
3275 5540 0 0
3275 5540 0 0
3275 5540 0 0
3275 5540 0 0
3275 5540 0 0
3275 5540 0 0
3275 5540 0 0
3275 5540 0 0
3275 5540 0 0
3275 5540 0 0
3275 5540 0 0
3275 5540 0 0
3275 5540 0 0
3275 5540 0 0
3275 5540 0 0
3275 5540 0 0
3275 5540 0 0
3275 5540 0 0
3275 5540 0 0
3275 5540 0 0
3275 5540 0 0
3275 5540 0 0
3275 5540 0 0
3275 5540 0 0
3275 5540 0 0
3275 5540 0 0
3275 5540 0 0
3275 5540 0 0
3275 5540 1 0
3275 5540 2 0
3275 5540 3 0
3275 5540 0 0
3275 5540 1 0
3275 5540 2 0
3275 5540 3 0
3275 5540 0 0
3275 5540 1 0
3275 5540 2 0
3275 5540 3 0
3275 5540 0 0
3275 5540 1 0
3275 5540 2 0
3275 5540 3 0
3275 5540 0 0
3275 5540 1 0
3275 5540 2 0
3275 5540 3 0
3275 5540 0 0
3275 5540 1 0
3275 5540 2 0
3275 5540 3 0
3275 5540 0 0
3275 5540 1 0
3275 5540 2 0
3275 5540 3 0
3275 5540 0 0
3275 5540 1 0
3275 5540 2 0
3275 5540 3 0
3275 5540 0 0
3275 5540 1 0
3275 5540 2 0
3275 5540 3 0
3275 5540 0 0
3275 5540 1 0
3275 5540 1 0
3275 5540 1 0
3275 5540 1 0
3275 5540 1 0
3275 5540 1 0
3275 5540 1 0
3275 5540 1 0
3275 5540 1 0
3275 5540 2 0
3274 5539 3 0
3273 5538 0 0
3272 5537 1 0
3271 5536 2 0
3270 5535 3 0
3268 5534 0 0
3266 5533 1 0
3264 5532 2 0
3262 5531 3 0
3260 5530 0 0
3258 5528 1 0
3255 5526 2 0
3252 5524 3 0
3249 5522 0 0
3246 5520 1 0
3243 5518 2 0
3240 5516 3 0
3236 5514 0 0
3232 5512 1 0
3228 5510 2 0
3224 5507 3 0
3220 5504 0 0
3219 5498 1 0
3218 5492 2 0
3222 5489 3 0
3226 5486 0 0
3230 5483 1 0
3234 5480 2 0
3239 5477 3 0
3244 5474 0 0
3249 5470 1 0
3254 5466 2 0
3259 5462 3 0
3264 5458 0 0
3269 5454 1 0
3274 5450 2 0
3279 5446 3 0
3284 5442 0 0
3289 5438 1 0
3294 5434 2 0
3299 5430 3 0
3304 5426 0 0
3309 5422 1 0
3314 5418 2 0
3319 5414 2 0
3319 5414 2 0
3319 5414 2 0
3319 5414 2 0
3319 5414 2 0
3319 5414 2 0
3319 5414 2 0
3319 5414 2 0
3319 5414 2 0
3319 5414 2 0
3319 5414 2 0
3319 5414 2 0
3319 5414 2 0
3319 5414 2 0
3319 5414 2 0
3319 5414 2 0
3319 5414 3 0
3319 5413 0 0
3319 5412 1 0
3319 5411 2 0
3319 5410 3 0
3319 5409 0 0
3320 5408 1 0
3321 5407 2 0
3322 5406 3 0
3323 5405 0 0
3324 5404 1 0
3325 5402 2 0
3327 5400 3 0
3329 5398 0 0
3331 5396 1 0
3333 5394 2 0
3335 5392 3 0
3339 5391 0 0
3345 5390 1 0
3351 5389 2 0
3357 5389 3 0
3363 5388 0 0
3369 5387 1 0
3375 5386 2 0
3383 5385 3 0
3391 5384 0 0
3399 5383 1 0
3403 5380 2 0
3407 5377 3 0
3412 5374 0 0
3417 5371 1 0
3422 5367 2 0
3427 5363 3 0
3426 5355 0 0
3425 5347 1 0
3424 5339 2 0
3423 5331 3 0
3428 5327 0 0
3433 5323 1 0
3438 5319 2 0
3443 5315 3 0
3448 5311 0 0
3453 5307 1 0
3458 5303 2 0
3463 5299 3 0
3468 5295 0 0
3473 5291 1 0
3478 5287 2 0
3483 5283 3 0
3488 5279 0 0
3493 5275 1 0
3498 5271 2 0
3503 5267 3 0
3508 5263 0 0
3513 5259 1 0
3518 5255 2 0
3523 5251 3 0
3528 5247 0 0
3533 5243 1 0
3538 5239 2 0
3543 5235 3 0
3548 5231 0 0
3553 5227 1 0
3558 5223 2 0
3568 5222 3 0
3578 5221 0 0
3588 5220 1 0
3598 5219 2 0
3604 5215 3 0
3610 5211 0 0
3616 5207 1 0
3622 5203 2 0
3628 5199 3 0
3634 5195 0 0
3640 5191 1 0
3652 5190 2 0
3664 5189 3 0
3676 5188 0 0
3682 5184 1 0
3688 5180 2 0
3694 5176 3 0
3700 5172 0 0
3706 5168 1 0
3712 5164 2 0
3718 5160 3 0
3724 5156 0 0
3730 5152 0 0
3730 5152 0 0
3730 5152 0 0
3730 5152 0 0
3730 5152 0 0
3730 5152 0 0
3730 5152 0 0
3730 5152 0 0
3730 5152 0 0
3730 5152 0 0
3730 5152 0 0
3730 5152 0 0
3730 5152 0 0
3730 5152 0 0
3730 5152 0 0
3730 5152 0 0
3730 5152 0 0
3730 5152 0 0
3730 5152 0 0
3730 5152 0 0
3730 5152 0 0
3730 5152 0 0
3730 5152 0 0
3730 5152 0 0
3730 5152 0 0
3730 5152 0 0
3730 5152 0 0
3730 5152 0 0
3730 5152 0 0
3730 5152 0 0
3730 5152 0 0
3730 5152 0 0
3730 5152 0 0
3730 5152 0 0
3730 5152 0 0
3730 5152 0 0
3730 5152 0 0
3730 5152 0 0
3730 5152 0 0
3730 5152 0 0
